-0.388,-0.035,-0.035
-0.389,-0.036,-0.036
-0.389,-0.034,-0.035
-0.388,-0.036,-0.036
-0.388,-0.032,-0.033
-0.388,-0.035,-0.036
-0.388,-0.034,-0.035
-0.388,-0.034,-0.035
-0.388,-0.038,-0.038
-0.388,-0.035,-0.035
-0.387,-0.035,-0.036
-0.388,-0.034,-0.034
-0.387,-0.034,-0.034
-0.388,-0.035,-0.035
-0.388,-0.036,-0.037
-0.389,-0.034,-0.034
-0.388,-0.035,-0.036
-0.388,-0.034,-0.035
-0.388,-0.033,-0.034
-0.387,-0.035,-0.036
-0.388,-0.034,-0.035
-0.388,-0.034,-0.034
-0.389,-0.034,-0.035
-0.388,-0.034,-0.035
-0.388,-0.034,-0.034
-0.388,-0.035,-0.035
-0.388,-0.035,-0.036
-0.388,-0.034,-0.034
-0.388,-0.034,-0.035
-0.388,-0.035,-0.035
-0.389,-0.034,-0.035
-0.388,-0.033,-0.034
-0.389,-0.034,-0.035
-0.388,-0.034,-0.035
-0.388,-0.034,-0.034
-0.388,-0.035,-0.035
-0.388,-0.033,-0.034
-0.389,-0.033,-0.034
-0.389,-0.035,-0.036
-0.388,-0.036,-0.037
-0.388,-0.035,-0.035
-0.388,-0.035,-0.036
-0.388,-0.034,-0.034
-0.389,-0.034,-0.035
-0.388,-0.035,-0.036
-0.388,-0.034,-0.034
-0.388,-0.033,-0.034
-0.388,-0.035,-0.036
-0.388,-0.035,-0.036
-0.388,-0.035,-0.035
-0.389,-0.035,-0.036
-0.389,-0.035,-0.035
-0.389,-0.035,-0.036
-0.388,-0.033,-0.034
-0.388,-0.035,-0.036
-0.388,-0.035,-0.035
-0.388,-0.033,-0.034
-0.388,-0.037,-0.037
-0.388,-0.034,-0.035
-0.389,-0.033,-0.034
-0.387,-0.034,-0.034
-0.388,-0.036,-0.037
-0.388,-0.032,-0.033
-0.388,-0.034,-0.035
-0.388,-0.036,-0.036
-0.388,-0.032,-0.033
-0.388,-0.036,-0.036
-0.388,-0.034,-0.034
-0.388,-0.037,-0.037
-0.389,-0.033,-0.034
-0.389,-0.034,-0.035
-0.389,-0.035,-0.035
-0.388,-0.034,-0.035
-0.388,-0.035,-0.035
-0.388,-0.033,-0.034
-0.388,-0.034,-0.034
-0.388,-0.033,-0.034
-0.388,-0.035,-0.036
-0.388,-0.034,-0.034
-0.388,-0.035,-0.036
-0.388,-0.034,-0.034
-0.389,-0.035,-0.036
-0.388,-0.035,-0.035
-0.388,-0.034,-0.034
-0.388,-0.034,-0.035
-0.388,-0.036,-0.036
-0.388,-0.034,-0.034
-0.388,-0.033,-0.034
-0.388,-0.034,-0.035
-0.389,-0.033,-0.034
-0.388,-0.034,-0.035
-0.388,-0.033,-0.034
-0.388,-0.036,-0.037
-0.388,-0.033,-0.034
-0.388,-0.034,-0.035
-0.388,-0.035,-0.036
-0.388,-0.034,-0.035
-0.388,-0.034,-0.034
-0.389,-0.034,-0.035
-0.388,-0.036,-0.037
-0.388,-0.034,-0.035
-0.388,-0.034,-0.034
-0.388,-0.033,-0.034
-0.388,-0.034,-0.035
-0.388,-0.033,-0.033
-0.388,-0.033,-0.033
-0.388,-0.035,-0.035
-0.388,-0.034,-0.034
-0.389,-0.034,-0.035
-0.388,-0.035,-0.035
-0.389,-0.034,-0.034
-0.388,-0.033,-0.034
-0.389,-0.034,-0.034
-0.389,-0.035,-0.035
-0.388,-0.034,-0.035
-0.388,-0.034,-0.034
-0.388,-0.035,-0.035
-0.388,-0.034,-0.034
-0.388,-0.035,-0.035
-0.388,-0.036,-0.036
-0.388,-0.035,-0.036
-0.388,-0.035,-0.036
-0.388,-0.034,-0.035
-0.388,-0.033,-0.034
-0.388,-0.034,-0.035
-0.389,-0.034,-0.034
-0.389,-0.035,-0.036
-0.388,-0.035,-0.036
-0.388,-0.034,-0.035
-0.388,-0.034,-0.034
-0.389,-0.033,-0.034
-0.389,-0.034,-0.034
-0.388,-0.034,-0.035
-0.388,-0.033,-0.034
-0.387,-0.035,-0.035
-0.389,-0.032,-0.033
-0.388,-0.035,-0.035
-0.388,-0.035,-0.035
-0.389,-0.036,-0.037
-0.388,-0.035,-0.036
-0.388,-0.033,-0.034
-0.389,-0.034,-0.035
-0.389,-0.036,-0.036
-0.388,-0.033,-0.034
-0.388,-0.035,-0.035
-0.388,-0.035,-0.035
-0.389,-0.034,-0.035
-0.388,-0.034,-0.034
-0.388,-0.035,-0.036
-0.388,-0.033,-0.033
-0.388,-0.033,-0.034
-0.389,-0.035,-0.036
-0.389,-0.034,-0.035
-0.387,-0.032,-0.033
-0.388,-0.037,-0.037
-0.388,-0.034,-0.034
-0.389,-0.036,-0.037
-0.388,-0.034,-0.034
-0.388,-0.034,-0.034
-0.388,-0.033,-0.034
-0.388,-0.034,-0.035
-0.388,-0.033,-0.034
-0.388,-0.034,-0.035
-0.388,-0.034,-0.034
-0.388,-0.035,-0.036
-0.388,-0.034,-0.034
-0.388,-0.035,-0.035
-0.388,-0.035,-0.036
-0.389,-0.033,-0.034
-0.388,-0.033,-0.034
-0.388,-0.033,-0.034
-0.388,-0.034,-0.034
-0.388,-0.034,-0.034
-0.388,-0.033,-0.034
-0.388,-0.034,-0.035
-0.388,-0.031,-0.032
-0.388,-0.037,-0.038
-0.387,-0.033,-0.034
-0.388,-0.034,-0.034
-0.389,-0.033,-0.034
-0.388,-0.037,-0.037
-0.387,-0.035,-0.035
-0.388,-0.032,-0.033
-0.389,-0.035,-0.035
-0.388,-0.035,-0.036
-0.388,-0.034,-0.034
-0.388,-0.035,-0.035
-0.388,-0.035,-0.035
-0.388,-0.036,-0.037
-0.388,-0.033,-0.033
-0.388,-0.033,-0.033
-0.387,-0.034,-0.035
-0.388,-0.033,-0.034
-0.388,-0.034,-0.035
-0.387,-0.033,-0.034
-0.388,-0.033,-0.034
-0.389,-0.035,-0.035
-0.387,-0.033,-0.034
-0.387,-0.034,-0.034
-0.388,-0.035,-0.035
-0.388,-0.034,-0.034
-0.388,-0.035,-0.036
-0.388,-0.033,-0.033
-0.388,-0.034,-0.035
-0.389,-0.033,-0.034
-0.388,-0.034,-0.035
-0.388,-0.035,-0.036
-0.388,-0.034,-0.035
-0.388,-0.035,-0.036
-0.388,-0.034,-0.035
-0.389,-0.035,-0.036
-0.388,-0.034,-0.035
-0.388,-0.033,-0.034
-0.388,-0.034,-0.035
-0.388,-0.035,-0.036
-0.389,-0.035,-0.036
-0.387,-0.033,-0.034
-0.389,-0.037,-0.037
-0.388,-0.034,-0.035
-0.388,-0.034,-0.034
-0.389,-0.034,-0.035
-0.388,-0.032,-0.033
-0.389,-0.035,-0.035
-0.388,-0.035,-0.036
-0.388,-0.032,-0.033
-0.388,-0.033,-0.034
-0.389,-0.033,-0.034
-0.388,-0.035,-0.035
-0.388,-0.034,-0.035
-0.388,-0.034,-0.035
-0.388,-0.034,-0.035
-0.389,-0.034,-0.035
-0.388,-0.032,-0.033
-0.388,-0.035,-0.036
-0.388,-0.034,-0.035
-0.388,-0.034,-0.035
-0.388,-0.033,-0.034
-0.388,-0.033,-0.034
-0.389,-0.034,-0.035
-0.389,-0.034,-0.035
-0.388,-0.035,-0.035
-0.387,-0.033,-0.034
-0.388,-0.034,-0.034
-0.389,-0.035,-0.036
-0.388,-0.033,-0.034
-0.388,-0.034,-0.035
-0.388,-0.034,-0.035
-0.389,-0.034,-0.034
-0.388,-0.033,-0.034
-0.387,-0.032,-0.033
-0.388,-0.034,-0.034
-0.388,-0.034,-0.034
-0.388,-0.033,-0.034
-0.388,-0.033,-0.034
-0.388,-0.033,-0.033
-0.388,-0.035,-0.035
-0.389,-0.034,-0.034
-0.388,-0.032,-0.033
-0.388,-0.036,-0.036
-0.389,-0.035,-0.035
-0.388,-0.036,-0.037
-0.388,-0.034,-0.034
-0.388,-0.034,-0.034
-0.388,-0.034,-0.035
-0.388,-0.035,-0.036
-0.388,-0.033,-0.034
-0.389,-0.034,-0.035
-0.387,-0.036,-0.037
-0.388,-0.034,-0.035
-0.388,-0.034,-0.035
-0.388,-0.034,-0.035
-0.388,-0.035,-0.035
-0.389,-0.033,-0.033
-0.388,-0.034,-0.035
-0.388,-0.033,-0.034
-0.388,-0.034,-0.034
-0.388,-0.033,-0.034
-0.388,-0.035,-0.036
-0.389,-0.034,-0.035
-0.388,-0.034,-0.035
-0.388,-0.033,-0.034
-0.388,-0.033,-0.034
-0.389,-0.033,-0.034
-0.389,-0.033,-0.034
-0.389,-0.032,-0.033
-0.388,-0.035,-0.035
-0.388,-0.035,-0.035
-0.388,-0.033,-0.034
-0.389,-0.033,-0.033
-0.388,-0.034,-0.035
-0.388,-0.034,-0.034
-0.389,-0.034,-0.035
-0.388,-0.034,-0.035
-0.388,-0.032,-0.033
-0.388,-0.033,-0.034
-0.389,-0.035,-0.036
-0.388,-0.034,-0.035
-0.387,-0.034,-0.035
-0.388,-0.035,-0.035
-0.388,-0.033,-0.034
-0.389,-0.035,-0.036
-0.388,-0.035,-0.035
-0.389,-0.035,-0.036
-0.389,-0.036,-0.036
-0.387,-0.033,-0.033
-0.389,-0.035,-0.036
-0.387,-0.036,-0.037
-0.389,-0.033,-0.033
-0.389,-0.035,-0.036
-0.388,-0.035,-0.035
-0.389,-0.033,-0.033
-0.388,-0.033,-0.034
-0.388,-0.034,-0.035
-0.388,-0.035,-0.035
-0.388,-0.034,-0.034
-0.388,-0.035,-0.036
-0.388,-0.034,-0.035
-0.388,-0.034,-0.034
-0.388,-0.034,-0.034
-0.388,-0.035,-0.035
-0.387,-0.034,-0.034
-0.388,-0.036,-0.036
-0.387,-0.035,-0.036
-0.388,-0.034,-0.034
-0.388,-0.035,-0.036
-0.388,-0.034,-0.035
-0.388,-0.035,-0.036
-0.388,-0.034,-0.035
-0.388,-0.034,-0.035
-0.388,-0.036,-0.036
-0.387,-0.034,-0.034
-0.389,-0.034,-0.035
-0.387,-0.035,-0.036
-0.388,-0.035,-0.036
-0.390,-0.034,-0.034
-0.388,-0.034,-0.035
-0.388,-0.035,-0.036
-0.388,-0.036,-0.037
-0.388,-0.035,-0.035
-0.388,-0.033,-0.034
-0.388,-0.033,-0.034
-0.388,-0.035,-0.035
-0.389,-0.035,-0.035
-0.387,-0.036,-0.036
-0.389,-0.036,-0.036
-0.387,-0.034,-0.034
-0.389,-0.035,-0.036
-0.388,-0.035,-0.035
-0.388,-0.035,-0.036
-0.388,-0.034,-0.035
-0.388,-0.035,-0.035
-0.388,-0.035,-0.035
-0.388,-0.034,-0.035
-0.389,-0.035,-0.035
-0.388,-0.034,-0.035
-0.388,-0.035,-0.035
-0.389,-0.035,-0.035
-0.388,-0.035,-0.036
-0.388,-0.033,-0.034
-0.388,-0.032,-0.033
-0.389,-0.035,-0.036
-0.388,-0.034,-0.035
-0.387,-0.033,-0.034
-0.388,-0.034,-0.035
-0.388,-0.034,-0.034
-0.388,-0.034,-0.035
-0.388,-0.035,-0.036
-0.388,-0.033,-0.033
-0.388,-0.034,-0.035
-0.388,-0.034,-0.035
-0.388,-0.033,-0.034
-0.388,-0.034,-0.035
-0.388,-0.034,-0.035
-0.387,-0.036,-0.037
-0.388,-0.035,-0.035
-0.387,-0.034,-0.035
-0.388,-0.034,-0.035
-0.388,-0.034,-0.035
-0.388,-0.032,-0.033
-0.388,-0.035,-0.035
-0.388,-0.033,-0.034
-0.389,-0.032,-0.033
-0.388,-0.034,-0.035
-0.388,-0.032,-0.033
-0.388,-0.033,-0.034
-0.388,-0.033,-0.034
-0.388,-0.033,-0.034
-0.388,-0.033,-0.034
-0.388,-0.035,-0.035
-0.388,-0.035,-0.035
-0.388,-0.034,-0.034
-0.389,-0.035,-0.035
-0.388,-0.034,-0.035
-0.388,-0.034,-0.035
-0.388,-0.035,-0.035
-0.388,-0.036,-0.037
-0.388,-0.035,-0.035
-0.388,-0.036,-0.037
-0.388,-0.034,-0.035
-0.388,-0.035,-0.036
-0.388,-0.033,-0.034
-0.388,-0.035,-0.035
-0.388,-0.033,-0.034
-0.389,-0.034,-0.035
-0.388,-0.035,-0.035
-0.387,-0.035,-0.035
-0.387,-0.034,-0.035
-0.388,-0.033,-0.034
-0.388,-0.036,-0.036
-0.388,-0.035,-0.036
-0.389,-0.033,-0.034
-0.389,-0.034,-0.035
-0.388,-0.033,-0.034
-0.388,-0.036,-0.036
-0.388,-0.033,-0.034
-0.388,-0.034,-0.035
-0.388,-0.035,-0.036
-0.389,-0.035,-0.036
-0.388,-0.034,-0.035
-0.388,-0.035,-0.036
-0.388,-0.036,-0.036
-0.388,-0.033,-0.034
-0.388,-0.033,-0.034
-0.389,-0.034,-0.035
-0.388,-0.035,-0.036
-0.388,-0.033,-0.034
-0.388,-0.034,-0.035
-0.388,-0.036,-0.036
-0.388,-0.034,-0.034
-0.388,-0.034,-0.035
-0.388,-0.034,-0.034
-0.388,-0.035,-0.036
-0.389,-0.034,-0.034
-0.388,-0.036,-0.037
-0.388,-0.034,-0.035
-0.388,-0.033,-0.034
-0.388,-0.034,-0.034
-0.388,-0.034,-0.035
-0.388,-0.033,-0.034
-0.388,-0.034,-0.035
-0.388,-0.034,-0.035
-0.389,-0.035,-0.036
-0.389,-0.035,-0.035
-0.389,-0.035,-0.036
-0.389,-0.035,-0.035
-0.388,-0.035,-0.035
-0.389,-0.035,-0.035
-0.388,-0.035,-0.036
-0.388,-0.033,-0.034
-0.388,-0.034,-0.034
-0.389,-0.034,-0.034
-0.389,-0.033,-0.033
-0.388,-0.035,-0.035
-0.388,-0.035,-0.036
-0.388,-0.036,-0.036
-0.388,-0.035,-0.036
-0.387,-0.036,-0.037
-0.388,-0.036,-0.036
-0.388,-0.034,-0.035
-0.388,-0.035,-0.036
-0.388,-0.035,-0.036
-0.388,-0.034,-0.034
-0.388,-0.034,-0.035
-0.389,-0.036,-0.037
-0.389,-0.034,-0.035
-0.388,-0.035,-0.036
-0.388,-0.034,-0.035
-0.388,-0.035,-0.036
-0.388,-0.033,-0.033
-0.388,-0.036,-0.036
-0.388,-0.033,-0.034
-0.389,-0.034,-0.034
-0.389,-0.036,-0.036
-0.389,-0.033,-0.034
-0.388,-0.035,-0.035
-0.388,-0.034,-0.035
-0.388,-0.034,-0.034
-0.389,-0.036,-0.036
-0.389,-0.034,-0.035
-0.388,-0.034,-0.034
-0.389,-0.035,-0.036
-0.388,-0.036,-0.036
-0.388,-0.034,-0.034
-0.388,-0.036,-0.036
-0.388,-0.035,-0.036
-0.388,-0.033,-0.034
-0.389,-0.033,-0.034
-0.389,-0.035,-0.035
-0.387,-0.034,-0.035
-0.388,-0.034,-0.035
-0.389,-0.037,-0.038
-0.388,-0.034,-0.034
-0.388,-0.033,-0.034
-0.389,-0.033,-0.034
-0.388,-0.035,-0.036
-0.387,-0.033,-0.034
-0.389,-0.033,-0.034
-0.388,-0.035,-0.035
-0.389,-0.035,-0.035
-0.388,-0.035,-0.036
-0.388,-0.034,-0.034
-0.388,-0.034,-0.035
-0.388,-0.033,-0.034
-0.389,-0.034,-0.035
-0.388,-0.033,-0.034
-0.388,-0.033,-0.033
-0.388,-0.034,-0.035
-0.388,-0.033,-0.034
-0.389,-0.035,-0.035
-0.388,-0.034,-0.034
-0.387,-0.035,-0.036
-0.389,-0.033,-0.034
-0.389,-0.035,-0.035
-0.388,-0.035,-0.036
-0.388,-0.033,-0.034
-0.389,-0.034,-0.035
-0.388,-0.033,-0.033
-0.389,-0.035,-0.035
-0.388,-0.035,-0.036
-0.388,-0.033,-0.034
-0.389,-0.034,-0.034
-0.388,-0.034,-0.035
-0.389,-0.036,-0.037
-0.388,-0.034,-0.034
-0.389,-0.032,-0.033
-0.387,-0.035,-0.035
-0.387,-0.034,-0.035
-0.388,-0.034,-0.034
-0.389,-0.035,-0.036
-0.388,-0.035,-0.036
-0.388,-0.033,-0.034
-0.388,-0.034,-0.035
-0.387,-0.035,-0.035
-0.388,-0.035,-0.036
-0.388,-0.034,-0.035
-0.388,-0.035,-0.036
-0.388,-0.036,-0.036
-0.388,-0.036,-0.036
-0.389,-0.034,-0.035
-0.389,-0.035,-0.035
-0.388,-0.033,-0.033
-0.388,-0.034,-0.034
-0.389,-0.035,-0.035
-0.389,-0.032,-0.033
-0.389,-0.035,-0.035
-0.388,-0.036,-0.037
-0.388,-0.033,-0.034
-0.388,-0.035,-0.036
-0.388,-0.034,-0.035
-0.388,-0.034,-0.035
-0.388,-0.033,-0.033
-0.389,-0.035,-0.036
-0.387,-0.034,-0.034
-0.388,-0.034,-0.034
-0.388,-0.034,-0.035
-0.389,-0.033,-0.034
-0.388,-0.035,-0.035
-0.388,-0.035,-0.035
-0.389,-0.034,-0.034
-0.388,-0.034,-0.035
-0.388,-0.034,-0.035
-0.388,-0.034,-0.034
-0.389,-0.035,-0.035
-0.388,-0.035,-0.036
-0.388,-0.034,-0.035
-0.387,-0.035,-0.035
-0.388,-0.034,-0.034
-0.389,-0.036,-0.036
-0.388,-0.034,-0.035
-0.388,-0.034,-0.035
-0.388,-0.034,-0.034
-0.389,-0.034,-0.035
-0.389,-0.034,-0.035
-0.388,-0.032,-0.032
-0.388,-0.036,-0.037
-0.389,-0.032,-0.033
-0.388,-0.035,-0.036
-0.389,-0.035,-0.036
-0.388,-0.035,-0.035
-0.388,-0.035,-0.036
-0.388,-0.034,-0.035
-0.389,-0.033,-0.034
-0.388,-0.034,-0.035
-0.389,-0.036,-0.037
-0.389,-0.036,-0.037
-0.388,-0.035,-0.035
-0.388,-0.035,-0.035
-0.388,-0.035,-0.035
-0.388,-0.036,-0.037
-0.389,-0.034,-0.034
-0.388,-0.034,-0.035
-0.388,-0.032,-0.033
-0.388,-0.035,-0.035
-0.388,-0.034,-0.034
-0.388,-0.034,-0.035
-0.388,-0.034,-0.035
-0.389,-0.035,-0.036
-0.388,-0.034,-0.035
-0.388,-0.035,-0.035
-0.388,-0.033,-0.034
-0.389,-0.033,-0.034
-0.388,-0.034,-0.035
-0.389,-0.033,-0.034
-0.389,-0.034,-0.035
-0.388,-0.035,-0.035
-0.388,-0.033,-0.034
-0.388,-0.034,-0.035
-0.388,-0.037,-0.038
-0.388,-0.034,-0.035
-0.388,-0.035,-0.036
-0.388,-0.036,-0.036
-0.388,-0.034,-0.035
-0.389,-0.034,-0.034
-0.388,-0.035,-0.035
-0.389,-0.035,-0.035
-0.388,-0.033,-0.033
-0.389,-0.034,-0.035
-0.388,-0.035,-0.036
-0.389,-0.033,-0.034
-0.388,-0.036,-0.036
-0.388,-0.035,-0.036
-0.388,-0.035,-0.036
-0.388,-0.033,-0.034
-0.388,-0.034,-0.035
-0.388,-0.037,-0.037
-0.389,-0.033,-0.034
-0.389,-0.035,-0.036
-0.388,-0.033,-0.034
-0.389,-0.035,-0.035
-0.388,-0.035,-0.035
-0.388,-0.035,-0.035
-0.388,-0.033,-0.034
-0.388,-0.034,-0.035
-0.388,-0.034,-0.034
-0.387,-0.034,-0.035
-0.388,-0.034,-0.035
-0.388,-0.036,-0.036
-0.389,-0.034,-0.035
-0.388,-0.034,-0.035
-0.388,-0.034,-0.034
-0.388,-0.035,-0.036
-0.388,-0.034,-0.035
-0.387,-0.034,-0.035
-0.389,-0.033,-0.034
-0.389,-0.033,-0.034
-0.388,-0.033,-0.034
-0.389,-0.036,-0.037
-0.388,-0.034,-0.034
-0.388,-0.035,-0.035
-0.388,-0.035,-0.035
-0.388,-0.034,-0.035
-0.388,-0.034,-0.035
-0.388,-0.032,-0.033
-0.389,-0.033,-0.034
-0.388,-0.034,-0.035
-0.388,-0.033,-0.034
-0.389,-0.037,-0.037
-0.388,-0.033,-0.034
-0.388,-0.035,-0.036
-0.389,-0.033,-0.033
-0.388,-0.034,-0.034
-0.388,-0.034,-0.035
-0.388,-0.033,-0.033
-0.389,-0.034,-0.035
-0.388,-0.034,-0.035
-0.389,-0.034,-0.034
-0.388,-0.034,-0.035
-0.387,-0.034,-0.035
-0.388,-0.036,-0.037
-0.388,-0.034,-0.034
-0.388,-0.035,-0.035
-0.388,-0.035,-0.035
-0.388,-0.035,-0.035
-0.388,-0.034,-0.035
-0.388,-0.034,-0.034
-0.389,-0.035,-0.036
-0.388,-0.036,-0.037
-0.388,-0.034,-0.035
-0.388,-0.033,-0.033
-0.388,-0.034,-0.035
-0.388,-0.035,-0.036
-0.388,-0.035,-0.035
-0.388,-0.033,-0.034
-0.388,-0.033,-0.033
-0.389,-0.034,-0.035
-0.389,-0.034,-0.035
-0.388,-0.035,-0.036
-0.388,-0.034,-0.034
-0.388,-0.035,-0.035
-0.388,-0.035,-0.035
-0.388,-0.036,-0.037
-0.389,-0.033,-0.034
-0.388,-0.032,-0.032
-0.388,-0.033,-0.033
-0.388,-0.035,-0.035
-0.389,-0.034,-0.034
-0.387,-0.033,-0.034
-0.389,-0.036,-0.036
-0.389,-0.033,-0.034
-0.388,-0.033,-0.034
-0.389,-0.033,-0.034
-0.388,-0.033,-0.034
-0.388,-0.035,-0.036
-0.388,-0.035,-0.036
-0.388,-0.034,-0.035
-0.388,-0.035,-0.036
-0.388,-0.033,-0.033
-0.389,-0.033,-0.034
-0.389,-0.035,-0.036
-0.388,-0.035,-0.036
-0.388,-0.033,-0.034
-0.389,-0.036,-0.037
-0.388,-0.033,-0.034
-0.388,-0.034,-0.034
-0.388,-0.035,-0.035
-0.388,-0.034,-0.035
-0.389,-0.034,-0.035
-0.388,-0.035,-0.035
-0.388,-0.034,-0.035
-0.389,-0.034,-0.035
-0.388,-0.032,-0.033
-0.389,-0.032,-0.032
-0.388,-0.035,-0.036
-0.388,-0.035,-0.035
-0.388,-0.033,-0.034
-0.388,-0.035,-0.035
-0.388,-0.036,-0.037
-0.388,-0.036,-0.037
-0.389,-0.033,-0.034
-0.388,-0.034,-0.035
-0.388,-0.034,-0.034
-0.388,-0.035,-0.036
-0.389,-0.036,-0.036
-0.388,-0.033,-0.034
-0.389,-0.033,-0.033
-0.388,-0.033,-0.034
-0.389,-0.035,-0.035
-0.388,-0.035,-0.036
-0.388,-0.034,-0.035
-0.388,-0.033,-0.034
-0.388,-0.034,-0.035
-0.388,-0.035,-0.036
-0.388,-0.034,-0.034
-0.388,-0.033,-0.033
-0.389,-0.034,-0.035
-0.388,-0.036,-0.037
-0.388,-0.033,-0.034
-0.388,-0.034,-0.035
-0.388,-0.035,-0.035
-0.388,-0.033,-0.034
-0.388,-0.035,-0.036
-0.388,-0.035,-0.035
-0.388,-0.034,-0.035
-0.388,-0.033,-0.034
-0.388,-0.034,-0.034
-0.388,-0.034,-0.035
-0.389,-0.035,-0.036
-0.388,-0.034,-0.035
-0.388,-0.034,-0.035
-0.389,-0.035,-0.035
-0.388,-0.034,-0.035
-0.389,-0.034,-0.035
-0.388,-0.034,-0.035
-0.388,-0.035,-0.036
-0.388,-0.035,-0.035
-0.388,-0.034,-0.035
-0.388,-0.035,-0.036
-0.388,-0.036,-0.036
-0.388,-0.034,-0.035
-0.389,-0.034,-0.035
-0.388,-0.034,-0.034
-0.387,-0.035,-0.036
-0.388,-0.034,-0.035
-0.387,-0.035,-0.036
-0.388,-0.033,-0.033
-0.388,-0.035,-0.035
-0.388,-0.034,-0.034
-0.388,-0.033,-0.034
-0.388,-0.034,-0.034
-0.388,-0.035,-0.035
-0.389,-0.034,-0.035
-0.388,-0.034,-0.035
-0.388,-0.034,-0.035
-0.388,-0.034,-0.035
-0.388,-0.033,-0.034
-0.388,-0.033,-0.033
-0.388,-0.035,-0.035
-0.389,-0.033,-0.033
-0.389,-0.035,-0.035
-0.388,-0.034,-0.035
-0.388,-0.032,-0.033
-0.388,-0.032,-0.033
-0.388,-0.033,-0.033
-0.388,-0.036,-0.037
-0.388,-0.034,-0.035
-0.389,-0.035,-0.036
-0.388,-0.034,-0.034
-0.387,-0.036,-0.037
-0.388,-0.034,-0.035
-0.389,-0.034,-0.034
-0.388,-0.034,-0.035
-0.389,-0.035,-0.035
-0.389,-0.035,-0.035
-0.388,-0.033,-0.034
-0.388,-0.034,-0.035
-0.388,-0.034,-0.035
-0.388,-0.035,-0.036
-0.388,-0.033,-0.034
-0.388,-0.032,-0.033
-0.389,-0.034,-0.034
-0.388,-0.033,-0.034
-0.388,-0.033,-0.033
-0.388,-0.034,-0.035
-0.387,-0.034,-0.034
-0.388,-0.034,-0.034
-0.388,-0.035,-0.036
-0.388,-0.035,-0.035
-0.388,-0.034,-0.035
-0.388,-0.034,-0.035
-0.389,-0.035,-0.035
-0.388,-0.037,-0.037
-0.388,-0.034,-0.035
-0.388,-0.034,-0.035
-0.388,-0.033,-0.034
-0.388,-0.034,-0.035
-0.388,-0.033,-0.034
-0.388,-0.034,-0.035
-0.388,-0.033,-0.033
-0.389,-0.033,-0.033
-0.388,-0.035,-0.036
-0.389,-0.035,-0.036
-0.388,-0.033,-0.034
-0.388,-0.036,-0.036
-0.388,-0.035,-0.036
-0.387,-0.036,-0.036
-0.388,-0.034,-0.034
-0.389,-0.035,-0.036
-0.388,-0.035,-0.035
-0.388,-0.033,-0.034
-0.389,-0.034,-0.034
-0.388,-0.036,-0.036
-0.388,-0.034,-0.035
-0.388,-0.035,-0.036
-0.388,-0.033,-0.034
-0.389,-0.032,-0.033
-0.387,-0.033,-0.034
-0.388,-0.036,-0.036
-0.388,-0.036,-0.037
-0.388,-0.034,-0.035
-0.388,-0.034,-0.034
-0.388,-0.033,-0.034
-0.388,-0.033,-0.034
-0.388,-0.034,-0.035
-0.388,-0.033,-0.034
-0.388,-0.036,-0.036
-0.388,-0.034,-0.035
-0.388,-0.034,-0.035
-0.388,-0.033,-0.033
-0.388,-0.035,-0.036
-0.388,-0.034,-0.034
-0.389,-0.033,-0.034
-0.389,-0.034,-0.035
-0.388,-0.034,-0.035
-0.388,-0.033,-0.034
-0.388,-0.033,-0.034
-0.389,-0.032,-0.033
-0.388,-0.035,-0.036
-0.389,-0.034,-0.035
-0.389,-0.033,-0.034
-0.388,-0.035,-0.035
-0.388,-0.035,-0.036
-0.389,-0.035,-0.036
-0.389,-0.034,-0.034
-0.388,-0.033,-0.033
-0.389,-0.033,-0.034
-0.388,-0.035,-0.035
-0.389,-0.034,-0.034
-0.388,-0.034,-0.035
-0.389,-0.034,-0.034
-0.388,-0.033,-0.034
-0.389,-0.035,-0.036
-0.388,-0.032,-0.033
-0.389,-0.035,-0.035
-0.388,-0.035,-0.036
-0.388,-0.033,-0.034
-0.389,-0.034,-0.035
-0.388,-0.035,-0.036
-0.389,-0.034,-0.034
-0.389,-0.033,-0.034
-0.388,-0.034,-0.034
-0.389,-0.033,-0.033
-0.389,-0.034,-0.035
-0.388,-0.034,-0.034
-0.389,-0.033,-0.033
-0.388,-0.035,-0.035
-0.389,-0.033,-0.034
-0.388,-0.035,-0.036
-0.389,-0.034,-0.035
-0.388,-0.036,-0.036
-0.389,-0.034,-0.035
-0.388,-0.034,-0.035
-0.389,-0.036,-0.037
-0.388,-0.034,-0.035
-0.389,-0.033,-0.033
-0.389,-0.035,-0.036
-0.389,-0.031,-0.032
-0.388,-0.034,-0.035
-0.389,-0.034,-0.034
-0.389,-0.034,-0.034
-0.389,-0.032,-0.033
-0.389,-0.035,-0.036
-0.389,-0.033,-0.034
-0.389,-0.035,-0.036
-0.389,-0.034,-0.035
-0.388,-0.034,-0.035
-0.389,-0.034,-0.034
-0.388,-0.033,-0.034
-0.388,-0.032,-0.033
-0.388,-0.036,-0.036
-0.389,-0.033,-0.034
-0.388,-0.035,-0.036
-0.389,-0.034,-0.034
-0.388,-0.034,-0.035
-0.389,-0.034,-0.035
-0.389,-0.035,-0.035
-0.388,-0.033,-0.034
-0.389,-0.034,-0.035
-0.389,-0.034,-0.035
-0.387,-0.034,-0.035
-0.388,-0.035,-0.036
-0.388,-0.033,-0.033
-0.387,-0.034,-0.035
-0.388,-0.034,-0.035
-0.389,-0.034,-0.035
-0.388,-0.034,-0.035
-0.389,-0.034,-0.034
-0.388,-0.035,-0.036
-0.389,-0.035,-0.035
-0.388,-0.032,-0.033
-0.388,-0.035,-0.036
-0.389,-0.033,-0.034
-0.388,-0.034,-0.035
-0.388,-0.034,-0.034
-0.389,-0.033,-0.034
-0.388,-0.035,-0.035
-0.389,-0.034,-0.035
-0.388,-0.036,-0.037
-0.388,-0.036,-0.036
-0.389,-0.034,-0.035
-0.388,-0.035,-0.035
-0.388,-0.035,-0.036
-0.389,-0.035,-0.036
-0.388,-0.033,-0.034
-0.388,-0.034,-0.035
-0.389,-0.034,-0.034
-0.389,-0.034,-0.035
-0.389,-0.032,-0.033
-0.388,-0.033,-0.034
-0.388,-0.035,-0.036
-0.388,-0.036,-0.037
-0.388,-0.034,-0.035
-0.389,-0.034,-0.035
-0.388,-0.035,-0.036
-0.389,-0.033,-0.034
-0.388,-0.035,-0.035
-0.388,-0.032,-0.033
-0.388,-0.035,-0.036
-0.389,-0.032,-0.033
-0.388,-0.033,-0.034
-0.388,-0.034,-0.034
-0.387,-0.035,-0.035
-0.388,-0.035,-0.035
-0.388,-0.034,-0.034
-0.389,-0.034,-0.035
-0.389,-0.034,-0.035
-0.389,-0.034,-0.034
-0.388,-0.033,-0.034
-0.389,-0.035,-0.036
-0.388,-0.033,-0.034
-0.388,-0.034,-0.035
-0.388,-0.036,-0.036
-0.389,-0.034,-0.034
-0.389,-0.035,-0.035
-0.388,-0.032,-0.033
-0.388,-0.034,-0.035
-0.388,-0.034,-0.035
-0.388,-0.033,-0.034
-0.389,-0.033,-0.034
-0.388,-0.035,-0.036
-0.388,-0.033,-0.034
-0.388,-0.034,-0.035
-0.388,-0.034,-0.034
-0.388,-0.034,-0.035
-0.388,-0.035,-0.036
-0.388,-0.033,-0.034
-0.388,-0.035,-0.035
-0.389,-0.033,-0.034
-0.388,-0.034,-0.034
-0.388,-0.033,-0.034
-0.389,-0.035,-0.035
-0.388,-0.036,-0.037
-0.389,-0.033,-0.034
-0.388,-0.033,-0.034
-0.389,-0.033,-0.034
-0.388,-0.036,-0.036
-0.387,-0.034,-0.035
-0.388,-0.035,-0.036
-0.388,-0.034,-0.034
-0.388,-0.033,-0.033
-0.388,-0.035,-0.036
-0.388,-0.034,-0.034
-0.388,-0.035,-0.036
-0.389,-0.034,-0.035
-0.388,-0.035,-0.036
-0.388,-0.033,-0.034
-0.388,-0.033,-0.034
-0.389,-0.033,-0.034
-0.388,-0.034,-0.034
-0.388,-0.033,-0.034
-0.388,-0.033,-0.034
-0.388,-0.034,-0.035
-0.388,-0.034,-0.035
-0.388,-0.033,-0.034
-0.389,-0.036,-0.036
-0.388,-0.035,-0.035
-0.388,-0.033,-0.034
-0.389,-0.035,-0.035
-0.388,-0.033,-0.034
-0.388,-0.034,-0.034
-0.389,-0.035,-0.035
-0.389,-0.034,-0.034
-0.388,-0.035,-0.035
-0.388,-0.035,-0.036
-0.387,-0.036,-0.036
-0.389,-0.035,-0.036
-0.388,-0.034,-0.035
-0.389,-0.035,-0.035
-0.388,-0.037,-0.038
-0.388,-0.032,-0.033
-0.388,-0.034,-0.035
-0.388,-0.032,-0.033
-0.388,-0.035,-0.035
-0.388,-0.036,-0.036
-0.388,-0.034,-0.034
-0.388,-0.034,-0.034
-0.388,-0.034,-0.035
-0.388,-0.034,-0.034
-0.388,-0.035,-0.035
-0.388,-0.033,-0.034
-0.388,-0.034,-0.035
-0.388,-0.034,-0.035
-0.388,-0.036,-0.036
-0.389,-0.033,-0.034
-0.389,-0.035,-0.035
-0.388,-0.033,-0.034
-0.388,-0.035,-0.036
-0.389,-0.032,-0.033
-0.388,-0.034,-0.035
-0.389,-0.033,-0.034
-0.388,-0.035,-0.035
-0.389,-0.032,-0.033
-0.388,-0.034,-0.035
-0.388,-0.036,-0.036
-0.389,-0.035,-0.036
-0.389,-0.034,-0.034
-0.388,-0.033,-0.034
-0.388,-0.033,-0.034
-0.389,-0.036,-0.037
-0.388,-0.036,-0.036
-0.389,-0.035,-0.036
-0.388,-0.033,-0.034
-0.389,-0.034,-0.034
-0.388,-0.036,-0.037
-0.388,-0.033,-0.033
-0.388,-0.036,-0.036
-0.388,-0.034,-0.035
-0.389,-0.035,-0.036
-0.388,-0.035,-0.036
-0.388,-0.035,-0.035
-0.389,-0.033,-0.034
-0.389,-0.034,-0.034
-0.388,-0.034,-0.034
-0.389,-0.034,-0.035
-0.388,-0.035,-0.035
-0.389,-0.035,-0.036
-0.388,-0.035,-0.036
-0.388,-0.034,-0.035
-0.388,-0.035,-0.036
-0.388,-0.036,-0.037
-0.388,-0.032,-0.033
-0.388,-0.034,-0.034
-0.388,-0.035,-0.036
-0.387,-0.034,-0.034
-0.388,-0.035,-0.036
-0.388,-0.035,-0.036
-0.389,-0.034,-0.034
-0.389,-0.035,-0.035
-0.388,-0.034,-0.034
-0.389,-0.033,-0.034
-0.388,-0.034,-0.035
-0.388,-0.034,-0.034
-0.388,-0.036,-0.036
-0.388,-0.033,-0.033
-0.388,-0.035,-0.035
-0.389,-0.034,-0.034
-0.388,-0.033,-0.034
-0.388,-0.033,-0.034
-0.388,-0.036,-0.037
-0.388,-0.034,-0.035
-0.388,-0.034,-0.035
-0.388,-0.034,-0.035
-0.388,-0.033,-0.034
-0.389,-0.031,-0.032
-0.388,-0.035,-0.036
-0.388,-0.034,-0.035
-0.388,-0.035,-0.036
-0.388,-0.035,-0.035
-0.387,-0.035,-0.035
-0.389,-0.034,-0.034
-0.388,-0.035,-0.035
-0.388,-0.035,-0.035
-0.388,-0.034,-0.034
-0.388,-0.034,-0.035
-0.388,-0.035,-0.036
-0.388,-0.034,-0.035
-0.388,-0.035,-0.036
-0.389,-0.035,-0.036
-0.388,-0.034,-0.034
-0.388,-0.034,-0.035
-0.388,-0.035,-0.035
-0.388,-0.035,-0.036
-0.388,-0.035,-0.036
-0.388,-0.033,-0.033
-0.388,-0.036,-0.036
-0.388,-0.036,-0.037
-0.388,-0.033,-0.034
-0.389,-0.036,-0.036
-0.389,-0.034,-0.034
-0.389,-0.034,-0.035
-0.387,-0.036,-0.036
-0.388,-0.034,-0.035
-0.387,-0.035,-0.035
-0.388,-0.035,-0.036
-0.389,-0.034,-0.034
-0.388,-0.034,-0.035
-0.388,-0.034,-0.035
-0.388,-0.033,-0.034
-0.388,-0.034,-0.035
-0.388,-0.032,-0.033
-0.388,-0.033,-0.034
-0.389,-0.034,-0.035
-0.388,-0.034,-0.035
-0.388,-0.037,-0.037
-0.388,-0.036,-0.037
-0.388,-0.034,-0.035
-0.388,-0.034,-0.035
-0.389,-0.035,-0.036
-0.388,-0.036,-0.036
-0.389,-0.033,-0.033
-0.388,-0.034,-0.035
-0.389,-0.035,-0.035
-0.388,-0.033,-0.034
-0.388,-0.036,-0.036
-0.388,-0.035,-0.035
-0.388,-0.034,-0.034
-0.388,-0.033,-0.034
-0.388,-0.031,-0.032
-0.388,-0.034,-0.034
-0.388,-0.032,-0.032
-0.388,-0.033,-0.034
-0.388,-0.034,-0.034
-0.389,-0.033,-0.034
-0.388,-0.034,-0.035
-0.389,-0.035,-0.036
-0.388,-0.033,-0.034
-0.388,-0.035,-0.035
-0.387,-0.034,-0.035
-0.388,-0.035,-0.035
-0.389,-0.034,-0.034
-0.388,-0.035,-0.035
-0.388,-0.032,-0.032
-0.389,-0.035,-0.035
-0.387,-0.035,-0.036
-0.389,-0.035,-0.036
-0.388,-0.033,-0.034
-0.388,-0.033,-0.033
-0.388,-0.035,-0.035
-0.388,-0.034,-0.034
-0.388,-0.033,-0.033
-0.388,-0.035,-0.036
-0.389,-0.033,-0.034
-0.389,-0.035,-0.036
-0.387,-0.033,-0.034
-0.388,-0.034,-0.034
-0.388,-0.034,-0.035
-0.388,-0.035,-0.036
-0.388,-0.034,-0.034
-0.388,-0.035,-0.035
-0.388,-0.035,-0.036
-0.387,-0.035,-0.036
-0.388,-0.034,-0.034
-0.388,-0.033,-0.034
-0.388,-0.033,-0.034
-0.389,-0.035,-0.035
-0.389,-0.033,-0.034
-0.388,-0.034,-0.035
-0.388,-0.035,-0.035
-0.389,-0.034,-0.034
-0.389,-0.035,-0.035
-0.389,-0.035,-0.035
-0.389,-0.035,-0.036
-0.389,-0.035,-0.036
-0.388,-0.035,-0.036
-0.389,-0.034,-0.035
-0.388,-0.035,-0.036
-0.388,-0.035,-0.036
-0.388,-0.034,-0.035
-0.389,-0.033,-0.033
-0.388,-0.034,-0.035
-0.388,-0.034,-0.034
-0.388,-0.034,-0.035
-0.389,-0.034,-0.035
-0.388,-0.034,-0.035
-0.388,-0.033,-0.034
-0.389,-0.034,-0.035
-0.389,-0.035,-0.036
-0.388,-0.035,-0.035
-0.389,-0.035,-0.035
-0.388,-0.034,-0.034
-0.388,-0.035,-0.036
-0.389,-0.035,-0.036
-0.389,-0.034,-0.035
-0.389,-0.033,-0.034
-0.389,-0.035,-0.035
-0.388,-0.034,-0.035
-0.388,-0.034,-0.034
-0.389,-0.035,-0.036
-0.388,-0.034,-0.035
-0.388,-0.034,-0.034
-0.388,-0.034,-0.035
-0.388,-0.033,-0.034
-0.389,-0.034,-0.035
-0.388,-0.033,-0.034
-0.388,-0.035,-0.035
-0.389,-0.034,-0.034
-0.388,-0.035,-0.036
-0.389,-0.034,-0.035
-0.389,-0.034,-0.034
-0.388,-0.034,-0.034
-0.389,-0.035,-0.035
-0.388,-0.033,-0.034
-0.388,-0.036,-0.037
-0.388,-0.035,-0.036
-0.388,-0.034,-0.035
-0.388,-0.035,-0.036
-0.388,-0.035,-0.036
-0.388,-0.034,-0.035
-0.389,-0.035,-0.036
-0.388,-0.032,-0.033
-0.388,-0.034,-0.034
-0.389,-0.036,-0.036
-0.389,-0.034,-0.034
-0.388,-0.035,-0.036
-0.389,-0.035,-0.036
-0.388,-0.034,-0.035
-0.388,-0.033,-0.033
-0.387,-0.036,-0.037
-0.388,-0.033,-0.034
-0.388,-0.035,-0.035
-0.389,-0.034,-0.034
-0.388,-0.034,-0.035
-0.388,-0.035,-0.035
-0.389,-0.035,-0.036
-0.388,-0.034,-0.035
-0.388,-0.035,-0.035
-0.389,-0.034,-0.035
-0.388,-0.035,-0.035
-0.389,-0.035,-0.036
-0.388,-0.035,-0.036
-0.388,-0.035,-0.036
-0.388,-0.034,-0.035
-0.388,-0.034,-0.035
-0.388,-0.032,-0.033
-0.388,-0.034,-0.035
-0.388,-0.033,-0.034
-0.389,-0.033,-0.034
-0.388,-0.034,-0.035
-0.388,-0.035,-0.036
-0.388,-0.034,-0.034
-0.388,-0.036,-0.036
-0.388,-0.035,-0.036
-0.389,-0.035,-0.036
-0.388,-0.033,-0.034
-0.388,-0.034,-0.035
-0.388,-0.034,-0.035
-0.388,-0.033,-0.034
-0.389,-0.036,-0.037
-0.389,-0.035,-0.035
-0.388,-0.035,-0.036
-0.388,-0.034,-0.035
-0.389,-0.034,-0.035
-0.389,-0.035,-0.036
-0.389,-0.035,-0.035
-0.388,-0.034,-0.034
-0.388,-0.036,-0.036
-0.388,-0.034,-0.035
-0.388,-0.033,-0.034
-0.388,-0.034,-0.035
-0.389,-0.036,-0.036
-0.388,-0.035,-0.035
-0.388,-0.035,-0.036
-0.388,-0.035,-0.036
-0.388,-0.033,-0.034
-0.388,-0.034,-0.035
-0.388,-0.034,-0.035
-0.389,-0.034,-0.035
-0.389,-0.034,-0.034
-0.389,-0.035,-0.036
-0.388,-0.033,-0.034
-0.389,-0.034,-0.035
-0.388,-0.034,-0.034
-0.389,-0.035,-0.036
-0.388,-0.034,-0.035
-0.387,-0.036,-0.036
-0.389,-0.035,-0.036
-0.388,-0.034,-0.035
-0.387,-0.034,-0.035
-0.388,-0.033,-0.034
-0.389,-0.035,-0.035
-0.389,-0.032,-0.033
-0.388,-0.035,-0.036
-0.388,-0.034,-0.034
-0.389,-0.035,-0.035
-0.389,-0.035,-0.035
-0.389,-0.033,-0.034
-0.388,-0.034,-0.035
-0.388,-0.034,-0.034
-0.389,-0.036,-0.036
-0.388,-0.035,-0.036
-0.388,-0.035,-0.036
-0.388,-0.034,-0.034
-0.388,-0.035,-0.036
-0.388,-0.033,-0.034
-0.389,-0.036,-0.037
-0.389,-0.034,-0.035
-0.388,-0.036,-0.037
-0.389,-0.034,-0.035
-0.388,-0.035,-0.035
-0.388,-0.033,-0.034
-0.389,-0.034,-0.035
-0.388,-0.033,-0.034
-0.388,-0.036,-0.037
-0.388,-0.033,-0.033
-0.389,-0.034,-0.035
-0.388,-0.032,-0.033
-0.388,-0.034,-0.035
-0.389,-0.033,-0.034
-0.388,-0.034,-0.035
-0.389,-0.034,-0.035
-0.389,-0.034,-0.035
-0.388,-0.034,-0.035
-0.388,-0.035,-0.036
-0.389,-0.033,-0.034
-0.388,-0.036,-0.036
-0.389,-0.036,-0.036
-0.389,-0.034,-0.035
-0.387,-0.034,-0.035
-0.388,-0.033,-0.033
-0.388,-0.034,-0.035
-0.389,-0.034,-0.035
-0.388,-0.034,-0.035
-0.388,-0.033,-0.033
-0.388,-0.035,-0.035
-0.388,-0.034,-0.034
-0.388,-0.034,-0.034
-0.388,-0.033,-0.034
-0.388,-0.035,-0.036
-0.388,-0.035,-0.036
-0.388,-0.033,-0.033
-0.388,-0.034,-0.034
-0.388,-0.034,-0.034
-0.389,-0.035,-0.035
-0.388,-0.035,-0.036
-0.388,-0.034,-0.034
-0.388,-0.036,-0.036
-0.389,-0.036,-0.037
-0.388,-0.034,-0.035
-0.388,-0.035,-0.036
-0.389,-0.035,-0.035
-0.389,-0.036,-0.036
-0.388,-0.035,-0.035
-0.388,-0.035,-0.036
-0.389,-0.034,-0.034
-0.388,-0.034,-0.034
-0.389,-0.034,-0.035
-0.388,-0.035,-0.035
-0.388,-0.034,-0.035
-0.388,-0.033,-0.034
-0.389,-0.035,-0.036
-0.388,-0.034,-0.034
-0.388,-0.036,-0.036
-0.389,-0.034,-0.035
-0.388,-0.033,-0.034
-0.388,-0.035,-0.035
-0.388,-0.033,-0.034
-0.388,-0.036,-0.037
-0.388,-0.035,-0.035
-0.389,-0.035,-0.036
-0.388,-0.035,-0.036
-0.388,-0.034,-0.035
-0.389,-0.034,-0.034
-0.389,-0.034,-0.034
-0.388,-0.035,-0.035
-0.388,-0.033,-0.033
-0.389,-0.036,-0.037
-0.388,-0.034,-0.034
-0.389,-0.035,-0.035
-0.389,-0.034,-0.035
-0.388,-0.034,-0.035
-0.389,-0.036,-0.037
-0.388,-0.034,-0.035
-0.388,-0.035,-0.036
-0.389,-0.034,-0.034
-0.388,-0.036,-0.036
-0.388,-0.034,-0.035
-0.388,-0.034,-0.035
-0.388,-0.034,-0.035
-0.388,-0.035,-0.036
-0.389,-0.035,-0.036
-0.388,-0.035,-0.035
-0.389,-0.035,-0.035
-0.388,-0.034,-0.034
-0.388,-0.035,-0.036
-0.388,-0.035,-0.036
-0.388,-0.035,-0.035
-0.388,-0.032,-0.033
-0.388,-0.034,-0.035
-0.388,-0.034,-0.035
-0.388,-0.034,-0.034
-0.388,-0.034,-0.035
-0.388,-0.033,-0.034
-0.389,-0.034,-0.034
-0.388,-0.034,-0.035
-0.388,-0.033,-0.034
-0.389,-0.035,-0.035
-0.389,-0.034,-0.035
-0.389,-0.034,-0.034
-0.389,-0.034,-0.034
-0.389,-0.034,-0.035
-0.389,-0.034,-0.034
-0.388,-0.034,-0.034
-0.388,-0.034,-0.035
-0.388,-0.035,-0.035
-0.389,-0.036,-0.036
-0.388,-0.034,-0.034
-0.388,-0.033,-0.034
-0.388,-0.034,-0.034
-0.389,-0.035,-0.035
-0.388,-0.036,-0.036
-0.389,-0.035,-0.035
-0.389,-0.035,-0.036
-0.388,-0.034,-0.034
-0.388,-0.034,-0.035
-0.388,-0.033,-0.033
-0.388,-0.035,-0.036
-0.388,-0.032,-0.033
-0.388,-0.034,-0.035
-0.388,-0.034,-0.034
-0.388,-0.034,-0.035
-0.389,-0.034,-0.035
-0.388,-0.034,-0.034
-0.389,-0.035,-0.036
-0.389,-0.034,-0.035
-0.388,-0.036,-0.037
-0.389,-0.032,-0.032
-0.388,-0.035,-0.036
-0.388,-0.033,-0.034
-0.388,-0.034,-0.035
-0.388,-0.034,-0.035
-0.388,-0.034,-0.034
-0.388,-0.034,-0.034
-0.388,-0.036,-0.036
-0.388,-0.034,-0.035
-0.388,-0.034,-0.034
-0.388,-0.034,-0.035
-0.388,-0.035,-0.036
-0.388,-0.034,-0.034
-0.388,-0.034,-0.035
-0.389,-0.034,-0.035
-0.387,-0.035,-0.036
-0.389,-0.035,-0.035
-0.387,-0.034,-0.034
-0.389,-0.036,-0.036
-0.389,-0.034,-0.035
-0.389,-0.033,-0.034
-0.389,-0.034,-0.035
-0.388,-0.034,-0.035
-0.388,-0.034,-0.034
-0.388,-0.034,-0.035
-0.389,-0.034,-0.034
-0.388,-0.034,-0.035
-0.388,-0.034,-0.035
-0.388,-0.034,-0.035
-0.388,-0.034,-0.035
-0.388,-0.036,-0.037
-0.389,-0.035,-0.036
-0.388,-0.032,-0.033
-0.388,-0.034,-0.034
-0.388,-0.034,-0.034
-0.388,-0.034,-0.035
-0.388,-0.033,-0.034
-0.388,-0.033,-0.034
-0.388,-0.035,-0.035
-0.389,-0.033,-0.034
-0.389,-0.036,-0.036
-0.388,-0.035,-0.035
-0.388,-0.033,-0.033
-0.389,-0.034,-0.035
-0.389,-0.036,-0.037
-0.388,-0.035,-0.036
-0.388,-0.034,-0.034
-0.388,-0.035,-0.036
-0.389,-0.036,-0.036
-0.388,-0.035,-0.036
-0.388,-0.034,-0.035
-0.389,-0.035,-0.036
-0.389,-0.034,-0.034
-0.388,-0.035,-0.036
-0.388,-0.033,-0.034
-0.388,-0.034,-0.035
-0.389,-0.034,-0.035
-0.389,-0.033,-0.034
-0.388,-0.034,-0.035
-0.388,-0.033,-0.034
-0.389,-0.034,-0.035
-0.389,-0.036,-0.036
-0.389,-0.036,-0.036
-0.388,-0.033,-0.034
-0.389,-0.037,-0.037
-0.388,-0.034,-0.035
-0.388,-0.034,-0.034
-0.389,-0.034,-0.035
-0.388,-0.035,-0.036
-0.388,-0.033,-0.034
-0.388,-0.033,-0.034
-0.389,-0.033,-0.034
-0.388,-0.034,-0.035
-0.388,-0.035,-0.036
-0.388,-0.034,-0.035
-0.387,-0.034,-0.034
-0.388,-0.035,-0.035
-0.387,-0.035,-0.036
-0.388,-0.035,-0.036
-0.389,-0.035,-0.035
-0.388,-0.034,-0.035
-0.388,-0.033,-0.034
-0.388,-0.037,-0.037
-0.388,-0.033,-0.033
-0.388,-0.034,-0.035
-0.389,-0.034,-0.034
-0.388,-0.035,-0.035
-0.389,-0.035,-0.035
-0.389,-0.033,-0.034
-0.388,-0.035,-0.036
-0.388,-0.035,-0.035
-0.388,-0.034,-0.035
-0.388,-0.035,-0.036
-0.389,-0.035,-0.035
-0.388,-0.034,-0.035
-0.389,-0.034,-0.035
-0.389,-0.033,-0.034
-0.388,-0.034,-0.034
-0.389,-0.035,-0.035
-0.388,-0.033,-0.033
-0.389,-0.033,-0.033
-0.388,-0.032,-0.033
-0.388,-0.036,-0.036
-0.388,-0.034,-0.035
-0.388,-0.035,-0.036
-0.388,-0.035,-0.036
-0.388,-0.035,-0.036
-0.388,-0.034,-0.034
-0.388,-0.034,-0.035
-0.388,-0.036,-0.036
-0.388,-0.036,-0.037
-0.389,-0.034,-0.034
-0.389,-0.034,-0.035
-0.388,-0.034,-0.035
-0.389,-0.036,-0.036
-0.388,-0.033,-0.033
-0.388,-0.033,-0.034
-0.390,-0.037,-0.037
-0.388,-0.034,-0.034
-0.388,-0.035,-0.036
-0.389,-0.035,-0.035
-0.388,-0.035,-0.035
-0.388,-0.033,-0.034
-0.388,-0.035,-0.036
-0.388,-0.035,-0.035
-0.388,-0.034,-0.035
-0.389,-0.035,-0.036
-0.388,-0.034,-0.035
-0.389,-0.035,-0.036
-0.388,-0.033,-0.034
-0.388,-0.035,-0.035
-0.388,-0.036,-0.037
-0.388,-0.034,-0.035
-0.389,-0.036,-0.036
-0.388,-0.033,-0.034
-0.388,-0.034,-0.035
-0.389,-0.033,-0.033
-0.388,-0.033,-0.034
-0.388,-0.035,-0.036
-0.389,-0.031,-0.032
-0.389,-0.033,-0.034
-0.389,-0.035,-0.035
-0.389,-0.034,-0.035
-0.388,-0.035,-0.036
-0.388,-0.034,-0.034
-0.388,-0.034,-0.034
-0.389,-0.034,-0.035
-0.389,-0.034,-0.035
-0.388,-0.034,-0.034
-0.388,-0.036,-0.037
-0.389,-0.034,-0.035
-0.389,-0.035,-0.035
-0.389,-0.035,-0.035
-0.388,-0.035,-0.036
-0.389,-0.035,-0.035
-0.389,-0.035,-0.035
-0.389,-0.035,-0.035
-0.389,-0.034,-0.034
-0.388,-0.031,-0.032
-0.388,-0.034,-0.035
-0.389,-0.033,-0.033
-0.388,-0.034,-0.034
-0.389,-0.034,-0.035
-0.389,-0.035,-0.035
-0.389,-0.033,-0.034
-0.389,-0.033,-0.034
-0.389,-0.034,-0.035
-0.389,-0.037,-0.038
-0.389,-0.034,-0.035
-0.388,-0.034,-0.035
-0.389,-0.034,-0.034
-0.388,-0.035,-0.036
-0.388,-0.035,-0.035
-0.388,-0.035,-0.035
-0.389,-0.033,-0.034
-0.388,-0.035,-0.035
-0.389,-0.035,-0.035
-0.388,-0.037,-0.037
-0.389,-0.033,-0.034
-0.389,-0.035,-0.035
-0.389,-0.034,-0.035
-0.389,-0.032,-0.033
-0.389,-0.034,-0.034
-0.388,-0.033,-0.034
-0.389,-0.033,-0.034
-0.388,-0.036,-0.037
-0.388,-0.036,-0.036
-0.388,-0.035,-0.036
-0.389,-0.034,-0.034
-0.388,-0.036,-0.036
-0.389,-0.036,-0.036
-0.388,-0.035,-0.035
-0.388,-0.035,-0.035
-0.388,-0.034,-0.035
-0.388,-0.035,-0.036
-0.388,-0.033,-0.034
-0.389,-0.035,-0.036
-0.388,-0.033,-0.034
-0.389,-0.034,-0.035
-0.388,-0.034,-0.035
-0.388,-0.033,-0.034
-0.388,-0.034,-0.034
-0.389,-0.036,-0.036
-0.389,-0.033,-0.033
-0.388,-0.035,-0.035
-0.389,-0.035,-0.036
-0.389,-0.033,-0.033
-0.388,-0.035,-0.035
-0.388,-0.036,-0.036
-0.388,-0.035,-0.036
-0.389,-0.034,-0.035
-0.388,-0.036,-0.036
-0.388,-0.035,-0.036
-0.388,-0.034,-0.035
-0.388,-0.035,-0.036
-0.389,-0.036,-0.036
-0.388,-0.035,-0.035
-0.388,-0.033,-0.033
-0.389,-0.036,-0.037
-0.389,-0.035,-0.036
-0.389,-0.035,-0.035
-0.388,-0.034,-0.035
-0.388,-0.033,-0.033
-0.388,-0.035,-0.036
-0.389,-0.034,-0.035
-0.388,-0.035,-0.036
-0.388,-0.034,-0.034
-0.388,-0.034,-0.035
-0.388,-0.035,-0.035
-0.388,-0.034,-0.035
-0.388,-0.035,-0.035
-0.388,-0.033,-0.034
-0.388,-0.035,-0.035
-0.389,-0.033,-0.034
-0.388,-0.035,-0.036
-0.389,-0.035,-0.035
-0.389,-0.035,-0.035
-0.389,-0.033,-0.034
-0.388,-0.035,-0.035
-0.389,-0.034,-0.034
-0.388,-0.035,-0.035
-0.389,-0.034,-0.034
-0.388,-0.036,-0.036
-0.388,-0.033,-0.033
-0.388,-0.033,-0.034
-0.389,-0.034,-0.035
-0.388,-0.033,-0.034
-0.389,-0.037,-0.037
-0.388,-0.036,-0.036
-0.388,-0.033,-0.033
-0.388,-0.034,-0.034
-0.388,-0.035,-0.036
-0.389,-0.034,-0.035
-0.389,-0.035,-0.036
-0.388,-0.035,-0.036
-0.389,-0.035,-0.036
-0.389,-0.035,-0.035
-0.389,-0.035,-0.035
-0.388,-0.036,-0.037
-0.389,-0.034,-0.034
-0.389,-0.034,-0.034
-0.388,-0.035,-0.035
-0.389,-0.032,-0.033
-0.388,-0.034,-0.034
-0.389,-0.034,-0.034
-0.388,-0.033,-0.034
-0.389,-0.033,-0.034
-0.388,-0.034,-0.035
-0.389,-0.035,-0.036
-0.389,-0.035,-0.035
-0.388,-0.035,-0.036
-0.389,-0.036,-0.037
-0.389,-0.033,-0.034
-0.389,-0.035,-0.036
-0.389,-0.034,-0.035
-0.389,-0.035,-0.036
-0.388,-0.036,-0.037
-0.389,-0.033,-0.033
-0.388,-0.034,-0.035
-0.388,-0.033,-0.034
-0.389,-0.035,-0.036
-0.389,-0.035,-0.035
-0.389,-0.034,-0.035
-0.389,-0.033,-0.033
-0.388,-0.035,-0.035
-0.388,-0.034,-0.035
-0.389,-0.036,-0.037
-0.389,-0.035,-0.036
-0.389,-0.035,-0.035
-0.389,-0.035,-0.036
-0.388,-0.035,-0.036
-0.388,-0.034,-0.035
-0.388,-0.033,-0.034
-0.388,-0.034,-0.035
-0.389,-0.036,-0.037
-0.388,-0.034,-0.035
-0.389,-0.037,-0.038
-0.388,-0.036,-0.036
-0.389,-0.034,-0.035
-0.388,-0.034,-0.034
-0.388,-0.035,-0.035
-0.389,-0.034,-0.035
-0.388,-0.035,-0.036
-0.389,-0.034,-0.035
-0.389,-0.035,-0.035
-0.389,-0.034,-0.035
-0.388,-0.033,-0.034
-0.388,-0.035,-0.035
-0.389,-0.035,-0.035
-0.388,-0.033,-0.034
-0.388,-0.035,-0.035
-0.388,-0.034,-0.035
-0.388,-0.033,-0.034
-0.389,-0.035,-0.035
-0.388,-0.034,-0.035
-0.388,-0.034,-0.035
-0.389,-0.036,-0.036
-0.389,-0.034,-0.034
-0.390,-0.036,-0.037
-0.388,-0.034,-0.035
-0.388,-0.034,-0.035
-0.389,-0.033,-0.034
-0.388,-0.034,-0.034
-0.388,-0.035,-0.035
-0.389,-0.035,-0.035
-0.389,-0.035,-0.036
-0.388,-0.034,-0.035
-0.388,-0.035,-0.036
-0.389,-0.036,-0.036
-0.389,-0.035,-0.036
-0.388,-0.033,-0.034
-0.388,-0.035,-0.035
-0.388,-0.035,-0.036
-0.388,-0.035,-0.036
-0.388,-0.034,-0.035
-0.388,-0.035,-0.036
-0.389,-0.033,-0.033
-0.389,-0.034,-0.035
-0.389,-0.035,-0.035
-0.388,-0.035,-0.036
-0.388,-0.036,-0.037
-0.389,-0.036,-0.036
-0.388,-0.034,-0.034
-0.388,-0.035,-0.035
-0.389,-0.036,-0.036
-0.389,-0.034,-0.034
-0.389,-0.034,-0.035
-0.389,-0.034,-0.035
-0.388,-0.034,-0.035
-0.388,-0.034,-0.035
-0.389,-0.034,-0.034
-0.389,-0.034,-0.034
-0.388,-0.035,-0.036
-0.388,-0.034,-0.035
-0.389,-0.035,-0.036
-0.388,-0.034,-0.034
-0.389,-0.034,-0.035
-0.389,-0.034,-0.035
-0.389,-0.036,-0.037
-0.388,-0.034,-0.034
-0.388,-0.033,-0.034
-0.389,-0.034,-0.035
-0.388,-0.035,-0.036
-0.389,-0.035,-0.035
-0.388,-0.035,-0.036
-0.388,-0.035,-0.035
-0.388,-0.033,-0.034
-0.388,-0.035,-0.036
-0.388,-0.034,-0.035
-0.388,-0.036,-0.036
-0.389,-0.035,-0.035
-0.389,-0.035,-0.036
-0.389,-0.035,-0.035
-0.388,-0.036,-0.036
-0.388,-0.034,-0.035
-0.389,-0.036,-0.037
-0.388,-0.033,-0.034
-0.389,-0.035,-0.036
-0.388,-0.036,-0.036
-0.388,-0.034,-0.035
-0.389,-0.035,-0.036
-0.388,-0.035,-0.035
-0.388,-0.034,-0.034
-0.388,-0.035,-0.036
-0.387,-0.035,-0.035
-0.389,-0.036,-0.036
-0.389,-0.036,-0.036
-0.388,-0.033,-0.034
-0.389,-0.035,-0.035
-0.388,-0.035,-0.035
-0.388,-0.034,-0.035
-0.389,-0.035,-0.036
-0.388,-0.035,-0.036
-0.388,-0.035,-0.036
-0.388,-0.034,-0.034
-0.388,-0.035,-0.036
-0.389,-0.034,-0.034
-0.389,-0.035,-0.035
-0.390,-0.034,-0.035
-0.388,-0.036,-0.036
-0.388,-0.035,-0.036
-0.389,-0.034,-0.035
-0.388,-0.035,-0.036
-0.389,-0.032,-0.033
-0.389,-0.035,-0.036
-0.388,-0.034,-0.035
-0.388,-0.036,-0.036
-0.389,-0.035,-0.036
-0.388,-0.036,-0.036
-0.388,-0.035,-0.035
-0.388,-0.036,-0.037
-0.388,-0.034,-0.034
-0.389,-0.035,-0.036
-0.387,-0.033,-0.033
-0.389,-0.035,-0.035
-0.388,-0.035,-0.035
-0.387,-0.035,-0.036
-0.388,-0.033,-0.033
-0.388,-0.034,-0.035
-0.389,-0.034,-0.035
-0.389,-0.034,-0.035
-0.389,-0.034,-0.035
-0.388,-0.036,-0.036
-0.389,-0.035,-0.035
-0.388,-0.035,-0.036
-0.389,-0.035,-0.035
-0.388,-0.035,-0.036
-0.388,-0.036,-0.036
-0.388,-0.033,-0.034
-0.389,-0.034,-0.035
-0.388,-0.035,-0.035
-0.388,-0.033,-0.034
-0.388,-0.035,-0.036
-0.389,-0.034,-0.035
-0.389,-0.035,-0.036
-0.388,-0.036,-0.036
-0.388,-0.034,-0.035
-0.388,-0.034,-0.035
-0.388,-0.035,-0.036
-0.388,-0.035,-0.036
-0.388,-0.035,-0.035
-0.388,-0.033,-0.034
-0.388,-0.035,-0.036
-0.388,-0.034,-0.035
-0.389,-0.034,-0.034
-0.389,-0.035,-0.036
-0.388,-0.034,-0.035
-0.388,-0.035,-0.036
-0.389,-0.036,-0.037
-0.389,-0.037,-0.037
-0.388,-0.034,-0.035
-0.389,-0.036,-0.036
-0.389,-0.035,-0.036
-0.388,-0.034,-0.035
-0.389,-0.035,-0.036
-0.388,-0.033,-0.034
-0.388,-0.036,-0.037
-0.388,-0.035,-0.036
-0.389,-0.034,-0.035
-0.388,-0.035,-0.035
-0.389,-0.034,-0.035
-0.389,-0.037,-0.038
-0.389,-0.035,-0.036
-0.388,-0.035,-0.036
-0.389,-0.034,-0.035
-0.389,-0.034,-0.035
-0.389,-0.034,-0.035
-0.388,-0.036,-0.037
-0.389,-0.035,-0.036
-0.388,-0.036,-0.037
-0.389,-0.035,-0.035
-0.388,-0.035,-0.036
-0.389,-0.036,-0.037
