-0.397,-0.025,-0.026
-0.398,-0.026,-0.027
-0.397,-0.029,-0.030
-0.397,-0.025,-0.026
-0.397,-0.024,-0.024
-0.397,-0.026,-0.026
-0.397,-0.027,-0.028
-0.396,-0.026,-0.027
-0.397,-0.028,-0.028
-0.397,-0.027,-0.028
-0.397,-0.026,-0.026
-0.397,-0.027,-0.027
-0.397,-0.027,-0.027
-0.397,-0.024,-0.025
-0.397,-0.028,-0.029
-0.397,-0.025,-0.025
-0.397,-0.023,-0.024
-0.397,-0.023,-0.024
-0.397,-0.027,-0.028
-0.398,-0.025,-0.025
-0.397,-0.022,-0.022
-0.396,-0.027,-0.028
-0.397,-0.025,-0.025
-0.397,-0.029,-0.030
-0.397,-0.028,-0.028
-0.397,-0.025,-0.026
-0.397,-0.025,-0.025
-0.396,-0.028,-0.028
-0.397,-0.026,-0.027
-0.397,-0.026,-0.027
-0.397,-0.026,-0.027
-0.397,-0.029,-0.029
-0.398,-0.024,-0.025
-0.398,-0.027,-0.027
-0.397,-0.024,-0.024
-0.396,-0.024,-0.024
-0.396,-0.026,-0.027
-0.397,-0.025,-0.025
-0.397,-0.024,-0.025
-0.397,-0.024,-0.025
-0.398,-0.026,-0.026
-0.397,-0.026,-0.027
-0.398,-0.025,-0.025
-0.396,-0.025,-0.025
-0.397,-0.026,-0.027
-0.397,-0.025,-0.026
-0.397,-0.025,-0.026
-0.397,-0.025,-0.025
-0.397,-0.027,-0.028
-0.397,-0.026,-0.026
-0.396,-0.026,-0.026
-0.397,-0.025,-0.026
-0.397,-0.025,-0.025
-0.397,-0.024,-0.024
-0.397,-0.029,-0.029
-0.397,-0.026,-0.026
-0.397,-0.027,-0.027
-0.396,-0.027,-0.028
-0.397,-0.028,-0.028
-0.397,-0.027,-0.027
-0.397,-0.023,-0.024
-0.396,-0.025,-0.026
-0.397,-0.025,-0.026
-0.397,-0.025,-0.026
-0.397,-0.027,-0.027
-0.397,-0.027,-0.028
-0.397,-0.023,-0.024
-0.397,-0.023,-0.024
-0.397,-0.026,-0.026
-0.397,-0.026,-0.027
-0.396,-0.025,-0.025
-0.397,-0.027,-0.028
-0.397,-0.026,-0.027
-0.397,-0.027,-0.028
-0.397,-0.027,-0.027
-0.397,-0.023,-0.023
-0.397,-0.027,-0.028
-0.397,-0.027,-0.027
-0.396,-0.025,-0.026
-0.397,-0.027,-0.028
-0.397,-0.027,-0.028
-0.397,-0.024,-0.024
-0.397,-0.027,-0.027
-0.397,-0.028,-0.029
-0.396,-0.024,-0.025
-0.397,-0.025,-0.026
-0.397,-0.026,-0.026
-0.397,-0.026,-0.027
-0.398,-0.024,-0.025
-0.397,-0.024,-0.025
-0.397,-0.025,-0.026
-0.397,-0.025,-0.026
-0.396,-0.027,-0.028
-0.397,-0.027,-0.028
-0.397,-0.026,-0.027
-0.397,-0.027,-0.027
-0.397,-0.023,-0.024
-0.397,-0.025,-0.026
-0.397,-0.023,-0.024
-0.397,-0.026,-0.026
-0.397,-0.024,-0.024
-0.397,-0.025,-0.026
-0.396,-0.025,-0.026
-0.397,-0.025,-0.026
-0.397,-0.027,-0.028
-0.398,-0.027,-0.028
-0.397,-0.025,-0.026
-0.397,-0.027,-0.027
-0.397,-0.024,-0.025
-0.396,-0.025,-0.026
-0.396,-0.025,-0.025
-0.397,-0.023,-0.024
-0.397,-0.027,-0.028
-0.397,-0.025,-0.026
-0.397,-0.026,-0.027
-0.397,-0.022,-0.023
-0.397,-0.025,-0.026
-0.397,-0.027,-0.028
-0.396,-0.026,-0.026
-0.397,-0.025,-0.026
-0.397,-0.026,-0.027
-0.397,-0.024,-0.025
-0.398,-0.027,-0.027
-0.397,-0.027,-0.027
-0.397,-0.023,-0.024
-0.397,-0.028,-0.029
-0.397,-0.026,-0.026
-0.397,-0.024,-0.025
-0.397,-0.026,-0.026
-0.397,-0.026,-0.026
-0.397,-0.027,-0.028
-0.396,-0.024,-0.025
-0.397,-0.025,-0.026
-0.397,-0.025,-0.026
-0.397,-0.026,-0.026
-0.397,-0.025,-0.025
-0.396,-0.023,-0.023
-0.397,-0.022,-0.022
-0.397,-0.025,-0.025
-0.397,-0.025,-0.026
-0.397,-0.026,-0.026
-0.396,-0.026,-0.026
-0.397,-0.025,-0.026
-0.397,-0.027,-0.028
-0.397,-0.024,-0.024
-0.397,-0.026,-0.026
-0.397,-0.026,-0.026
-0.397,-0.027,-0.027
-0.397,-0.025,-0.026
-0.397,-0.025,-0.025
-0.397,-0.027,-0.027
-0.397,-0.027,-0.027
-0.397,-0.023,-0.024
-0.397,-0.027,-0.028
-0.398,-0.022,-0.023
-0.397,-0.025,-0.026
-0.397,-0.027,-0.028
-0.397,-0.025,-0.025
-0.397,-0.026,-0.027
-0.398,-0.025,-0.025
-0.397,-0.026,-0.027
-0.396,-0.025,-0.026
-0.397,-0.024,-0.024
-0.396,-0.026,-0.026
-0.397,-0.026,-0.027
-0.397,-0.025,-0.026
-0.397,-0.024,-0.025
-0.397,-0.023,-0.024
-0.397,-0.025,-0.026
-0.396,-0.026,-0.026
-0.397,-0.027,-0.027
-0.396,-0.026,-0.027
-0.397,-0.028,-0.029
-0.397,-0.023,-0.024
-0.396,-0.023,-0.024
-0.396,-0.027,-0.028
-0.397,-0.025,-0.025
-0.397,-0.026,-0.027
-0.397,-0.025,-0.026
-0.397,-0.025,-0.025
-0.397,-0.028,-0.028
-0.397,-0.026,-0.026
-0.397,-0.026,-0.027
-0.397,-0.027,-0.028
-0.396,-0.026,-0.027
-0.397,-0.024,-0.024
-0.397,-0.022,-0.023
-0.398,-0.024,-0.025
-0.396,-0.027,-0.027
-0.397,-0.027,-0.028
-0.396,-0.025,-0.026
-0.396,-0.023,-0.024
-0.397,-0.024,-0.024
-0.397,-0.026,-0.026
-0.397,-0.026,-0.026
-0.397,-0.024,-0.024
-0.397,-0.026,-0.026
-0.397,-0.026,-0.027
-0.397,-0.025,-0.025
-0.397,-0.025,-0.026
-0.397,-0.023,-0.024
-0.397,-0.024,-0.025
-0.397,-0.026,-0.027
-0.396,-0.027,-0.027
-0.397,-0.026,-0.027
-0.397,-0.024,-0.024
-0.397,-0.023,-0.024
-0.396,-0.025,-0.025
-0.396,-0.026,-0.026
-0.396,-0.025,-0.026
-0.397,-0.024,-0.025
-0.397,-0.029,-0.029
-0.397,-0.027,-0.027
-0.397,-0.027,-0.027
-0.396,-0.026,-0.027
-0.397,-0.029,-0.030
-0.397,-0.027,-0.028
-0.397,-0.025,-0.025
-0.397,-0.027,-0.027
-0.397,-0.027,-0.028
-0.397,-0.026,-0.027
-0.397,-0.025,-0.026
-0.396,-0.025,-0.025
-0.396,-0.027,-0.028
-0.396,-0.025,-0.026
-0.397,-0.027,-0.027
-0.397,-0.026,-0.027
-0.397,-0.028,-0.029
-0.397,-0.028,-0.028
-0.397,-0.025,-0.025
-0.396,-0.025,-0.026
-0.397,-0.028,-0.029
-0.397,-0.026,-0.027
-0.397,-0.023,-0.024
-0.397,-0.025,-0.026
-0.397,-0.023,-0.024
-0.396,-0.023,-0.024
-0.397,-0.025,-0.026
-0.397,-0.026,-0.026
-0.397,-0.025,-0.025
-0.397,-0.030,-0.030
-0.397,-0.025,-0.025
-0.397,-0.024,-0.025
-0.397,-0.026,-0.027
-0.397,-0.027,-0.027
-0.397,-0.026,-0.026
-0.397,-0.027,-0.028
-0.397,-0.024,-0.024
-0.397,-0.026,-0.027
-0.397,-0.024,-0.025
-0.397,-0.026,-0.027
-0.397,-0.025,-0.025
-0.397,-0.025,-0.025
-0.397,-0.025,-0.026
-0.398,-0.028,-0.028
-0.397,-0.029,-0.030
-0.397,-0.025,-0.025
-0.396,-0.026,-0.026
-0.396,-0.028,-0.029
-0.396,-0.024,-0.024
-0.396,-0.028,-0.028
-0.397,-0.025,-0.026
-0.397,-0.025,-0.025
-0.396,-0.026,-0.027
-0.396,-0.026,-0.027
-0.396,-0.025,-0.025
-0.397,-0.026,-0.026
-0.396,-0.025,-0.025
-0.397,-0.024,-0.025
-0.397,-0.029,-0.030
-0.396,-0.026,-0.026
-0.397,-0.025,-0.026
-0.397,-0.028,-0.029
-0.397,-0.026,-0.026
-0.396,-0.027,-0.028
-0.397,-0.026,-0.027
-0.397,-0.026,-0.026
-0.397,-0.024,-0.024
-0.397,-0.025,-0.026
-0.397,-0.028,-0.029
-0.397,-0.027,-0.028
-0.396,-0.023,-0.024
-0.396,-0.026,-0.026
-0.397,-0.027,-0.028
-0.396,-0.026,-0.027
-0.396,-0.022,-0.023
-0.397,-0.023,-0.023
-0.398,-0.026,-0.027
-0.397,-0.027,-0.028
-0.397,-0.025,-0.026
-0.396,-0.022,-0.023
-0.397,-0.025,-0.026
-0.396,-0.028,-0.028
-0.397,-0.027,-0.027
-0.397,-0.025,-0.026
-0.397,-0.025,-0.026
-0.397,-0.024,-0.025
-0.396,-0.027,-0.028
-0.396,-0.023,-0.024
-0.397,-0.025,-0.025
-0.396,-0.027,-0.028
-0.396,-0.025,-0.026
-0.397,-0.026,-0.027
-0.396,-0.027,-0.028
-0.397,-0.028,-0.028
-0.397,-0.025,-0.026
-0.396,-0.022,-0.022
-0.397,-0.026,-0.026
-0.397,-0.025,-0.026
-0.396,-0.026,-0.026
-0.396,-0.029,-0.029
-0.397,-0.023,-0.023
-0.397,-0.025,-0.025
-0.396,-0.027,-0.028
-0.397,-0.026,-0.026
-0.397,-0.026,-0.027
-0.396,-0.026,-0.027
-0.397,-0.025,-0.026
-0.397,-0.025,-0.026
-0.397,-0.024,-0.024
-0.397,-0.024,-0.024
-0.397,-0.027,-0.027
-0.397,-0.029,-0.029
-0.396,-0.027,-0.028
-0.397,-0.026,-0.027
-0.396,-0.026,-0.026
-0.397,-0.027,-0.028
-0.396,-0.026,-0.027
-0.397,-0.028,-0.028
-0.397,-0.022,-0.023
-0.397,-0.028,-0.029
-0.396,-0.030,-0.030
-0.396,-0.026,-0.027
-0.397,-0.026,-0.027
-0.397,-0.026,-0.026
-0.396,-0.026,-0.026
-0.397,-0.024,-0.024
-0.396,-0.027,-0.027
-0.397,-0.026,-0.027
-0.397,-0.025,-0.025
-0.397,-0.028,-0.029
-0.397,-0.027,-0.028
-0.396,-0.026,-0.027
-0.397,-0.026,-0.027
-0.396,-0.025,-0.025
-0.397,-0.028,-0.029
-0.397,-0.027,-0.028
-0.397,-0.026,-0.027
-0.398,-0.026,-0.027
-0.396,-0.025,-0.026
-0.396,-0.024,-0.025
-0.397,-0.028,-0.029
-0.397,-0.024,-0.025
-0.397,-0.025,-0.026
-0.396,-0.025,-0.026
-0.397,-0.024,-0.025
-0.396,-0.026,-0.027
-0.396,-0.026,-0.026
-0.396,-0.026,-0.027
-0.397,-0.024,-0.025
-0.397,-0.026,-0.027
-0.396,-0.024,-0.025
-0.397,-0.026,-0.026
-0.397,-0.025,-0.026
-0.397,-0.025,-0.025
-0.396,-0.025,-0.026
-0.396,-0.024,-0.025
-0.397,-0.026,-0.027
-0.397,-0.025,-0.026
-0.397,-0.025,-0.026
-0.397,-0.025,-0.026
-0.397,-0.024,-0.024
-0.397,-0.023,-0.024
-0.396,-0.024,-0.025
-0.397,-0.027,-0.028
-0.397,-0.028,-0.029
-0.396,-0.026,-0.027
-0.397,-0.025,-0.025
-0.396,-0.027,-0.027
-0.396,-0.026,-0.026
-0.397,-0.026,-0.027
-0.396,-0.028,-0.028
-0.397,-0.026,-0.027
-0.398,-0.025,-0.025
-0.396,-0.025,-0.025
-0.397,-0.025,-0.026
-0.396,-0.025,-0.026
-0.397,-0.024,-0.025
-0.397,-0.024,-0.025
-0.396,-0.026,-0.026
-0.397,-0.029,-0.029
-0.397,-0.027,-0.027
-0.397,-0.026,-0.026
-0.396,-0.025,-0.025
-0.397,-0.025,-0.025
-0.397,-0.025,-0.025
-0.397,-0.026,-0.026
-0.397,-0.026,-0.027
-0.397,-0.027,-0.028
-0.396,-0.025,-0.025
-0.397,-0.026,-0.026
-0.398,-0.026,-0.027
-0.396,-0.023,-0.024
-0.397,-0.025,-0.025
-0.397,-0.025,-0.026
-0.397,-0.027,-0.027
-0.397,-0.026,-0.027
-0.397,-0.025,-0.026
-0.397,-0.026,-0.027
-0.397,-0.023,-0.023
-0.397,-0.024,-0.024
-0.396,-0.025,-0.025
-0.397,-0.026,-0.026
-0.397,-0.022,-0.023
-0.396,-0.024,-0.025
-0.397,-0.024,-0.025
-0.397,-0.026,-0.027
-0.397,-0.027,-0.028
-0.397,-0.028,-0.029
-0.396,-0.024,-0.024
-0.397,-0.026,-0.027
-0.397,-0.025,-0.026
-0.397,-0.025,-0.025
-0.397,-0.027,-0.027
-0.397,-0.026,-0.026
-0.397,-0.025,-0.025
-0.397,-0.023,-0.023
-0.396,-0.029,-0.029
-0.397,-0.025,-0.026
-0.397,-0.025,-0.025
-0.396,-0.026,-0.027
-0.396,-0.028,-0.029
-0.396,-0.024,-0.024
-0.397,-0.025,-0.026
-0.397,-0.027,-0.027
-0.397,-0.024,-0.024
-0.397,-0.027,-0.027
-0.396,-0.025,-0.025
-0.397,-0.025,-0.026
-0.397,-0.027,-0.027
-0.396,-0.025,-0.025
-0.397,-0.026,-0.026
-0.396,-0.024,-0.025
-0.397,-0.026,-0.027
-0.396,-0.026,-0.027
-0.396,-0.026,-0.027
-0.396,-0.025,-0.025
-0.396,-0.023,-0.023
-0.396,-0.026,-0.027
-0.397,-0.026,-0.026
-0.397,-0.024,-0.025
-0.396,-0.026,-0.026
-0.396,-0.027,-0.028
-0.397,-0.025,-0.026
-0.396,-0.026,-0.027
-0.397,-0.024,-0.024
-0.397,-0.023,-0.023
-0.397,-0.027,-0.028
-0.397,-0.026,-0.026
-0.397,-0.028,-0.029
-0.397,-0.025,-0.025
-0.396,-0.025,-0.026
-0.396,-0.026,-0.027
-0.397,-0.024,-0.025
-0.397,-0.025,-0.026
-0.396,-0.028,-0.028
-0.396,-0.026,-0.026
-0.396,-0.025,-0.026
-0.396,-0.025,-0.026
-0.397,-0.027,-0.028
-0.396,-0.028,-0.028
-0.397,-0.025,-0.025
-0.397,-0.024,-0.025
-0.397,-0.024,-0.024
-0.397,-0.025,-0.026
-0.397,-0.026,-0.026
-0.396,-0.023,-0.024
-0.397,-0.026,-0.026
-0.397,-0.026,-0.026
-0.397,-0.028,-0.028
-0.397,-0.028,-0.028
-0.397,-0.027,-0.028
-0.396,-0.024,-0.025
-0.397,-0.025,-0.025
-0.397,-0.025,-0.025
-0.396,-0.030,-0.031
-0.397,-0.026,-0.026
-0.397,-0.025,-0.025
-0.397,-0.027,-0.028
-0.397,-0.025,-0.026
-0.396,-0.027,-0.027
-0.397,-0.026,-0.027
-0.397,-0.026,-0.027
-0.397,-0.025,-0.025
-0.396,-0.023,-0.024
-0.397,-0.026,-0.027
-0.397,-0.027,-0.028
-0.397,-0.022,-0.022
-0.396,-0.027,-0.028
-0.397,-0.024,-0.025
-0.397,-0.026,-0.027
-0.397,-0.024,-0.025
-0.397,-0.026,-0.027
-0.397,-0.027,-0.027
-0.396,-0.026,-0.027
-0.397,-0.025,-0.026
-0.397,-0.024,-0.025
-0.396,-0.026,-0.026
-0.397,-0.026,-0.027
-0.396,-0.026,-0.027
-0.397,-0.026,-0.027
-0.397,-0.026,-0.026
-0.396,-0.025,-0.026
-0.397,-0.026,-0.027
-0.397,-0.026,-0.027
-0.396,-0.026,-0.027
-0.397,-0.026,-0.026
-0.397,-0.028,-0.028
-0.397,-0.026,-0.027
-0.397,-0.027,-0.027
-0.396,-0.023,-0.023
-0.396,-0.029,-0.029
-0.397,-0.027,-0.027
-0.397,-0.028,-0.029
-0.397,-0.026,-0.026
-0.397,-0.026,-0.026
-0.397,-0.026,-0.027
-0.396,-0.026,-0.026
-0.397,-0.027,-0.027
-0.396,-0.026,-0.027
-0.397,-0.028,-0.028
-0.397,-0.022,-0.022
-0.397,-0.023,-0.024
-0.397,-0.027,-0.028
-0.396,-0.026,-0.026
-0.397,-0.026,-0.027
-0.396,-0.025,-0.026
-0.397,-0.027,-0.027
-0.397,-0.026,-0.027
-0.396,-0.025,-0.026
-0.397,-0.027,-0.028
-0.397,-0.027,-0.027
-0.398,-0.026,-0.027
-0.396,-0.026,-0.027
-0.396,-0.028,-0.028
-0.397,-0.021,-0.021
-0.397,-0.025,-0.026
-0.396,-0.026,-0.027
-0.397,-0.025,-0.025
-0.397,-0.025,-0.026
-0.396,-0.026,-0.026
-0.397,-0.024,-0.025
-0.397,-0.026,-0.027
-0.396,-0.027,-0.028
-0.397,-0.027,-0.027
-0.397,-0.026,-0.026
-0.397,-0.027,-0.027
-0.396,-0.025,-0.025
-0.398,-0.027,-0.027
-0.397,-0.027,-0.028
-0.396,-0.022,-0.023
-0.397,-0.025,-0.026
-0.396,-0.028,-0.029
-0.397,-0.029,-0.030
-0.396,-0.028,-0.029
-0.397,-0.026,-0.026
-0.396,-0.024,-0.024
-0.397,-0.027,-0.028
-0.396,-0.027,-0.028
-0.397,-0.024,-0.025
-0.397,-0.026,-0.027
-0.397,-0.025,-0.026
-0.395,-0.026,-0.026
-0.397,-0.024,-0.025
-0.397,-0.024,-0.025
-0.397,-0.025,-0.026
-0.397,-0.024,-0.024
-0.397,-0.027,-0.027
-0.396,-0.027,-0.027
-0.396,-0.028,-0.028
-0.396,-0.030,-0.030
-0.397,-0.025,-0.026
-0.397,-0.026,-0.026
-0.396,-0.026,-0.026
-0.397,-0.026,-0.027
-0.397,-0.026,-0.027
-0.396,-0.025,-0.026
-0.397,-0.027,-0.027
-0.397,-0.026,-0.027
-0.397,-0.028,-0.029
-0.397,-0.027,-0.028
-0.397,-0.026,-0.027
-0.397,-0.027,-0.028
-0.397,-0.027,-0.027
-0.396,-0.026,-0.026
-0.397,-0.026,-0.026
-0.396,-0.026,-0.027
-0.397,-0.025,-0.025
-0.397,-0.024,-0.024
-0.397,-0.025,-0.026
-0.397,-0.026,-0.027
-0.396,-0.030,-0.031
-0.396,-0.026,-0.026
-0.397,-0.026,-0.027
-0.396,-0.025,-0.026
-0.397,-0.026,-0.027
-0.397,-0.025,-0.026
-0.397,-0.026,-0.026
-0.397,-0.026,-0.027
-0.397,-0.026,-0.027
-0.396,-0.023,-0.024
-0.397,-0.022,-0.022
-0.396,-0.027,-0.028
-0.396,-0.027,-0.028
-0.397,-0.027,-0.028
-0.396,-0.024,-0.024
-0.397,-0.025,-0.026
-0.397,-0.027,-0.028
-0.397,-0.027,-0.028
-0.397,-0.026,-0.026
-0.397,-0.024,-0.025
-0.397,-0.024,-0.025
-0.396,-0.024,-0.025
-0.398,-0.025,-0.025
-0.396,-0.024,-0.025
-0.397,-0.027,-0.028
-0.397,-0.024,-0.024
-0.397,-0.023,-0.023
-0.397,-0.027,-0.027
-0.397,-0.023,-0.024
-0.396,-0.026,-0.027
-0.397,-0.025,-0.026
-0.396,-0.023,-0.024
-0.397,-0.027,-0.028
-0.397,-0.024,-0.025
-0.397,-0.026,-0.026
-0.397,-0.028,-0.028
-0.397,-0.024,-0.025
-0.396,-0.025,-0.026
-0.396,-0.027,-0.028
-0.397,-0.025,-0.025
-0.397,-0.024,-0.025
-0.396,-0.025,-0.026
-0.396,-0.025,-0.026
-0.396,-0.025,-0.025
-0.397,-0.023,-0.023
-0.397,-0.027,-0.028
-0.397,-0.028,-0.028
-0.396,-0.024,-0.025
-0.397,-0.025,-0.025
-0.397,-0.024,-0.024
-0.397,-0.025,-0.026
-0.396,-0.026,-0.026
-0.397,-0.024,-0.025
-0.397,-0.026,-0.026
-0.396,-0.026,-0.027
-0.396,-0.025,-0.026
-0.396,-0.024,-0.025
-0.397,-0.025,-0.026
-0.397,-0.025,-0.026
-0.397,-0.026,-0.027
-0.397,-0.025,-0.026
-0.397,-0.024,-0.025
-0.397,-0.026,-0.027
-0.397,-0.025,-0.026
-0.397,-0.027,-0.028
-0.397,-0.024,-0.025
-0.396,-0.027,-0.027
-0.396,-0.025,-0.025
-0.397,-0.025,-0.026
-0.396,-0.025,-0.025
-0.397,-0.024,-0.024
-0.397,-0.025,-0.026
-0.396,-0.027,-0.027
-0.397,-0.025,-0.026
-0.396,-0.028,-0.028
-0.396,-0.027,-0.027
-0.396,-0.026,-0.027
-0.396,-0.023,-0.024
-0.397,-0.025,-0.026
-0.397,-0.026,-0.026
-0.396,-0.026,-0.027
-0.397,-0.027,-0.028
-0.396,-0.026,-0.027
-0.397,-0.025,-0.025
-0.397,-0.027,-0.027
-0.397,-0.024,-0.025
-0.397,-0.024,-0.025
-0.397,-0.027,-0.028
-0.397,-0.023,-0.024
-0.396,-0.022,-0.023
-0.397,-0.029,-0.029
-0.396,-0.025,-0.026
-0.396,-0.023,-0.024
-0.397,-0.025,-0.025
-0.397,-0.026,-0.026
-0.396,-0.024,-0.025
-0.396,-0.026,-0.026
-0.397,-0.026,-0.027
-0.397,-0.024,-0.024
-0.397,-0.027,-0.027
-0.396,-0.025,-0.025
-0.397,-0.026,-0.026
-0.397,-0.026,-0.027
-0.396,-0.025,-0.026
-0.397,-0.024,-0.025
-0.397,-0.024,-0.024
-0.397,-0.024,-0.025
-0.396,-0.024,-0.025
-0.397,-0.024,-0.025
-0.397,-0.026,-0.026
-0.396,-0.026,-0.027
-0.397,-0.024,-0.024
-0.397,-0.025,-0.025
-0.397,-0.025,-0.026
-0.397,-0.025,-0.026
-0.397,-0.026,-0.026
-0.397,-0.025,-0.026
-0.397,-0.027,-0.028
-0.397,-0.024,-0.025
-0.397,-0.024,-0.025
-0.396,-0.024,-0.025
-0.397,-0.027,-0.027
-0.397,-0.025,-0.025
-0.397,-0.027,-0.027
-0.397,-0.023,-0.024
-0.397,-0.026,-0.027
-0.396,-0.022,-0.023
-0.397,-0.027,-0.028
-0.396,-0.023,-0.024
-0.397,-0.026,-0.027
-0.396,-0.024,-0.024
-0.397,-0.024,-0.024
-0.396,-0.027,-0.028
-0.397,-0.028,-0.028
-0.396,-0.024,-0.025
-0.397,-0.026,-0.027
-0.396,-0.027,-0.027
-0.396,-0.027,-0.027
-0.396,-0.026,-0.027
-0.397,-0.026,-0.027
-0.397,-0.029,-0.030
-0.397,-0.025,-0.025
-0.397,-0.028,-0.029
-0.397,-0.027,-0.028
-0.397,-0.024,-0.024
-0.396,-0.026,-0.026
-0.397,-0.027,-0.027
-0.397,-0.027,-0.027
-0.396,-0.029,-0.029
-0.397,-0.027,-0.027
-0.396,-0.027,-0.027
-0.396,-0.025,-0.026
-0.397,-0.027,-0.028
-0.397,-0.025,-0.025
-0.397,-0.026,-0.026
-0.397,-0.025,-0.026
-0.397,-0.028,-0.029
-0.397,-0.026,-0.026
-0.397,-0.025,-0.026
-0.396,-0.025,-0.026
-0.396,-0.028,-0.029
-0.396,-0.029,-0.030
-0.397,-0.028,-0.029
-0.397,-0.028,-0.028
-0.396,-0.029,-0.030
-0.397,-0.023,-0.024
-0.397,-0.027,-0.028
-0.397,-0.025,-0.025
-0.397,-0.026,-0.026
-0.397,-0.027,-0.028
-0.397,-0.025,-0.026
-0.396,-0.026,-0.027
-0.397,-0.029,-0.030
-0.396,-0.027,-0.028
-0.397,-0.026,-0.026
-0.397,-0.025,-0.026
-0.397,-0.024,-0.025
-0.397,-0.025,-0.025
-0.397,-0.024,-0.025
-0.397,-0.027,-0.028
-0.397,-0.025,-0.026
-0.397,-0.025,-0.026
-0.397,-0.027,-0.027
-0.397,-0.025,-0.026
-0.397,-0.025,-0.025
-0.397,-0.024,-0.025
-0.396,-0.026,-0.026
-0.397,-0.026,-0.027
-0.397,-0.024,-0.024
-0.397,-0.025,-0.026
-0.396,-0.026,-0.027
-0.396,-0.026,-0.027
-0.396,-0.023,-0.024
-0.397,-0.023,-0.023
-0.396,-0.027,-0.027
-0.397,-0.027,-0.028
-0.397,-0.028,-0.028
-0.397,-0.025,-0.026
-0.396,-0.027,-0.027
-0.397,-0.023,-0.023
-0.398,-0.024,-0.025
-0.396,-0.027,-0.028
-0.396,-0.025,-0.025
-0.397,-0.025,-0.025
-0.397,-0.028,-0.028
-0.397,-0.025,-0.026
-0.396,-0.024,-0.024
-0.397,-0.027,-0.027
-0.396,-0.027,-0.027
-0.397,-0.027,-0.028
-0.397,-0.027,-0.028
-0.396,-0.028,-0.028
-0.397,-0.025,-0.026
-0.397,-0.025,-0.025
-0.397,-0.023,-0.024
-0.397,-0.026,-0.026
-0.397,-0.026,-0.026
-0.397,-0.025,-0.025
-0.397,-0.025,-0.025
-0.397,-0.025,-0.026
-0.396,-0.025,-0.025
-0.396,-0.024,-0.025
-0.396,-0.025,-0.026
-0.396,-0.025,-0.026
-0.396,-0.027,-0.028
-0.396,-0.024,-0.025
-0.396,-0.029,-0.029
-0.397,-0.027,-0.027
-0.396,-0.027,-0.028
-0.396,-0.027,-0.027
-0.397,-0.026,-0.027
-0.396,-0.026,-0.027
-0.396,-0.025,-0.026
-0.396,-0.024,-0.025
-0.397,-0.026,-0.026
-0.397,-0.025,-0.026
-0.397,-0.026,-0.027
-0.397,-0.027,-0.028
-0.397,-0.024,-0.025
-0.396,-0.029,-0.030
-0.396,-0.024,-0.025
-0.397,-0.025,-0.026
-0.397,-0.024,-0.025
-0.397,-0.026,-0.026
-0.397,-0.027,-0.027
-0.397,-0.024,-0.025
-0.397,-0.026,-0.027
-0.396,-0.024,-0.025
-0.397,-0.027,-0.028
-0.397,-0.028,-0.029
-0.397,-0.025,-0.026
-0.397,-0.024,-0.025
-0.397,-0.026,-0.026
-0.397,-0.024,-0.025
-0.397,-0.027,-0.027
-0.397,-0.024,-0.025
-0.397,-0.025,-0.025
-0.396,-0.022,-0.023
-0.397,-0.027,-0.027
-0.397,-0.027,-0.027
-0.397,-0.025,-0.025
-0.396,-0.028,-0.029
-0.396,-0.026,-0.026
-0.396,-0.025,-0.025
-0.396,-0.026,-0.027
-0.397,-0.027,-0.028
-0.396,-0.028,-0.029
-0.396,-0.024,-0.024
-0.397,-0.026,-0.026
-0.397,-0.026,-0.026
-0.397,-0.025,-0.026
-0.397,-0.025,-0.025
-0.397,-0.026,-0.027
-0.397,-0.022,-0.023
-0.397,-0.027,-0.028
-0.396,-0.025,-0.026
-0.396,-0.025,-0.026
-0.397,-0.027,-0.027
-0.396,-0.029,-0.029
-0.397,-0.027,-0.027
-0.397,-0.026,-0.027
-0.396,-0.025,-0.025
-0.397,-0.025,-0.026
-0.396,-0.029,-0.030
-0.397,-0.027,-0.028
-0.397,-0.026,-0.026
-0.397,-0.025,-0.026
-0.396,-0.024,-0.025
-0.397,-0.024,-0.025
-0.397,-0.026,-0.026
-0.397,-0.027,-0.028
-0.397,-0.025,-0.026
-0.397,-0.024,-0.025
-0.397,-0.024,-0.025
-0.397,-0.027,-0.027
-0.397,-0.025,-0.025
-0.397,-0.026,-0.027
-0.397,-0.027,-0.027
-0.397,-0.027,-0.027
-0.397,-0.026,-0.027
-0.396,-0.028,-0.029
-0.396,-0.027,-0.027
-0.396,-0.027,-0.027
-0.396,-0.027,-0.027
-0.397,-0.025,-0.026
-0.397,-0.025,-0.026
-0.397,-0.025,-0.026
-0.397,-0.027,-0.027
-0.398,-0.026,-0.027
-0.396,-0.026,-0.026
-0.396,-0.026,-0.026
-0.397,-0.027,-0.027
-0.397,-0.026,-0.027
-0.396,-0.025,-0.025
-0.397,-0.025,-0.026
-0.397,-0.026,-0.027
-0.397,-0.025,-0.025
-0.396,-0.025,-0.026
-0.397,-0.024,-0.025
-0.397,-0.026,-0.026
-0.397,-0.027,-0.028
-0.397,-0.026,-0.026
-0.397,-0.027,-0.027
-0.397,-0.027,-0.027
-0.396,-0.028,-0.029
-0.397,-0.025,-0.026
-0.397,-0.025,-0.026
-0.397,-0.026,-0.026
-0.397,-0.027,-0.028
-0.396,-0.026,-0.026
-0.397,-0.027,-0.027
-0.397,-0.026,-0.027
-0.397,-0.028,-0.028
-0.396,-0.026,-0.026
-0.397,-0.024,-0.024
-0.397,-0.026,-0.026
-0.397,-0.026,-0.026
-0.396,-0.026,-0.026
-0.397,-0.025,-0.026
-0.396,-0.026,-0.027
-0.396,-0.027,-0.027
-0.396,-0.027,-0.027
-0.397,-0.023,-0.024
-0.397,-0.027,-0.028
-0.397,-0.024,-0.024
-0.396,-0.024,-0.024
-0.397,-0.024,-0.024
-0.397,-0.026,-0.026
-0.397,-0.027,-0.028
-0.397,-0.026,-0.026
-0.397,-0.025,-0.025
-0.397,-0.025,-0.026
-0.397,-0.027,-0.028
-0.396,-0.026,-0.027
-0.397,-0.025,-0.026
-0.397,-0.025,-0.025
-0.397,-0.024,-0.025
-0.397,-0.026,-0.027
-0.397,-0.024,-0.025
-0.397,-0.025,-0.026
-0.397,-0.025,-0.026
-0.397,-0.025,-0.025
-0.397,-0.027,-0.028
-0.396,-0.026,-0.027
-0.397,-0.023,-0.023
-0.397,-0.026,-0.026
-0.397,-0.027,-0.028
-0.397,-0.024,-0.025
-0.397,-0.026,-0.027
-0.397,-0.025,-0.026
-0.397,-0.027,-0.028
-0.397,-0.026,-0.026
-0.396,-0.025,-0.025
-0.397,-0.027,-0.027
-0.397,-0.027,-0.027
-0.397,-0.027,-0.027
-0.397,-0.026,-0.027
-0.397,-0.023,-0.024
-0.396,-0.025,-0.025
-0.396,-0.026,-0.027
-0.397,-0.025,-0.026
-0.397,-0.025,-0.026
-0.396,-0.024,-0.024
-0.397,-0.025,-0.026
-0.396,-0.023,-0.024
-0.397,-0.025,-0.026
-0.397,-0.025,-0.026
-0.397,-0.027,-0.028
-0.397,-0.026,-0.026
-0.396,-0.025,-0.026
-0.397,-0.026,-0.026
-0.396,-0.025,-0.026
-0.396,-0.027,-0.028
-0.397,-0.025,-0.025
-0.397,-0.026,-0.026
-0.397,-0.027,-0.028
-0.397,-0.025,-0.026
-0.397,-0.026,-0.026
-0.396,-0.025,-0.026
-0.397,-0.024,-0.025
-0.397,-0.026,-0.027
-0.396,-0.026,-0.026
-0.397,-0.026,-0.027
-0.396,-0.028,-0.028
-0.397,-0.026,-0.026
-0.397,-0.025,-0.026
-0.398,-0.025,-0.026
-0.397,-0.025,-0.025
-0.396,-0.026,-0.027
-0.397,-0.027,-0.028
-0.396,-0.027,-0.028
-0.397,-0.026,-0.027
-0.397,-0.024,-0.024
-0.397,-0.025,-0.025
-0.397,-0.025,-0.026
-0.397,-0.024,-0.025
-0.397,-0.025,-0.026
-0.396,-0.026,-0.026
-0.397,-0.026,-0.026
-0.396,-0.028,-0.029
-0.397,-0.026,-0.026
-0.397,-0.026,-0.026
-0.397,-0.026,-0.027
-0.397,-0.026,-0.027
-0.397,-0.024,-0.025
-0.396,-0.027,-0.027
-0.396,-0.025,-0.025
-0.397,-0.022,-0.023
-0.397,-0.027,-0.028
-0.396,-0.027,-0.027
-0.397,-0.025,-0.026
-0.397,-0.022,-0.023
-0.397,-0.024,-0.025
-0.397,-0.024,-0.025
-0.397,-0.026,-0.027
-0.396,-0.024,-0.025
-0.397,-0.027,-0.028
-0.397,-0.027,-0.028
-0.397,-0.024,-0.024
-0.397,-0.026,-0.027
-0.397,-0.024,-0.025
-0.397,-0.028,-0.028
-0.397,-0.026,-0.027
-0.397,-0.025,-0.025
-0.397,-0.026,-0.027
-0.397,-0.027,-0.027
-0.396,-0.027,-0.027
-0.398,-0.026,-0.027
-0.397,-0.026,-0.027
-0.397,-0.026,-0.027
-0.397,-0.023,-0.024
-0.397,-0.027,-0.028
-0.397,-0.023,-0.024
-0.397,-0.025,-0.025
-0.397,-0.027,-0.027
-0.397,-0.027,-0.027
-0.395,-0.027,-0.027
-0.397,-0.026,-0.027
-0.397,-0.027,-0.027
-0.396,-0.024,-0.025
-0.397,-0.026,-0.027
-0.396,-0.027,-0.028
-0.396,-0.028,-0.028
-0.397,-0.026,-0.026
-0.397,-0.028,-0.029
-0.396,-0.024,-0.025
-0.396,-0.027,-0.027
-0.397,-0.025,-0.026
-0.397,-0.027,-0.027
-0.397,-0.027,-0.028
-0.397,-0.025,-0.025
-0.396,-0.027,-0.027
-0.397,-0.025,-0.026
-0.397,-0.027,-0.028
-0.397,-0.026,-0.027
-0.397,-0.025,-0.025
-0.397,-0.027,-0.027
-0.397,-0.027,-0.028
-0.397,-0.025,-0.026
-0.396,-0.025,-0.025
-0.397,-0.024,-0.025
-0.397,-0.025,-0.026
-0.397,-0.025,-0.026
-0.396,-0.028,-0.029
-0.397,-0.028,-0.028
-0.397,-0.026,-0.027
-0.397,-0.026,-0.027
-0.397,-0.027,-0.028
-0.397,-0.025,-0.025
-0.397,-0.026,-0.027
-0.396,-0.026,-0.027
-0.397,-0.025,-0.026
-0.397,-0.024,-0.024
-0.397,-0.026,-0.027
-0.397,-0.027,-0.028
-0.397,-0.025,-0.026
-0.397,-0.027,-0.027
-0.397,-0.023,-0.024
-0.397,-0.026,-0.027
-0.397,-0.025,-0.026
-0.396,-0.025,-0.026
-0.398,-0.026,-0.027
-0.397,-0.025,-0.026
-0.397,-0.026,-0.027
-0.397,-0.027,-0.028
-0.398,-0.025,-0.026
-0.397,-0.028,-0.029
-0.397,-0.027,-0.028
-0.397,-0.027,-0.028
-0.397,-0.024,-0.024
-0.397,-0.028,-0.029
-0.397,-0.025,-0.025
-0.396,-0.022,-0.022
-0.397,-0.026,-0.027
-0.397,-0.026,-0.026
-0.397,-0.026,-0.026
-0.396,-0.026,-0.026
-0.397,-0.026,-0.027
-0.397,-0.026,-0.026
-0.398,-0.024,-0.025
-0.397,-0.030,-0.030
-0.397,-0.025,-0.026
-0.397,-0.026,-0.027
-0.397,-0.027,-0.028
-0.397,-0.025,-0.026
-0.397,-0.027,-0.028
-0.397,-0.027,-0.028
-0.397,-0.025,-0.026
-0.397,-0.024,-0.025
-0.397,-0.026,-0.027
-0.397,-0.025,-0.026
-0.397,-0.028,-0.029
-0.397,-0.027,-0.028
-0.397,-0.025,-0.025
-0.397,-0.024,-0.025
-0.397,-0.026,-0.027
-0.397,-0.027,-0.027
-0.397,-0.023,-0.024
-0.397,-0.028,-0.029
-0.397,-0.026,-0.026
-0.397,-0.025,-0.025
-0.397,-0.024,-0.025
-0.396,-0.027,-0.028
-0.397,-0.027,-0.028
-0.397,-0.026,-0.027
-0.396,-0.026,-0.027
-0.397,-0.026,-0.026
-0.397,-0.024,-0.024
-0.397,-0.025,-0.026
-0.397,-0.023,-0.023
-0.396,-0.025,-0.025
-0.398,-0.025,-0.026
-0.396,-0.024,-0.025
-0.397,-0.025,-0.026
-0.397,-0.024,-0.024
-0.397,-0.024,-0.025
-0.396,-0.025,-0.026
-0.397,-0.024,-0.025
-0.397,-0.025,-0.026
-0.396,-0.023,-0.024
-0.397,-0.025,-0.026
-0.398,-0.022,-0.023
-0.397,-0.025,-0.026
-0.397,-0.025,-0.026
-0.397,-0.026,-0.026
-0.397,-0.028,-0.028
-0.396,-0.026,-0.026
-0.397,-0.027,-0.028
-0.397,-0.026,-0.026
-0.396,-0.025,-0.025
-0.397,-0.026,-0.026
-0.396,-0.026,-0.027
-0.397,-0.025,-0.026
-0.396,-0.025,-0.026
-0.397,-0.026,-0.027
-0.397,-0.023,-0.024
-0.397,-0.027,-0.027
-0.397,-0.025,-0.026
-0.397,-0.024,-0.025
-0.397,-0.027,-0.027
-0.397,-0.024,-0.025
-0.397,-0.027,-0.027
-0.397,-0.025,-0.025
-0.396,-0.025,-0.026
-0.397,-0.027,-0.028
-0.397,-0.028,-0.029
-0.397,-0.025,-0.025
-0.397,-0.021,-0.021
-0.397,-0.024,-0.025
-0.397,-0.026,-0.026
-0.397,-0.025,-0.026
-0.397,-0.024,-0.024
-0.397,-0.026,-0.026
-0.397,-0.027,-0.027
-0.398,-0.021,-0.022
-0.397,-0.025,-0.026
-0.397,-0.026,-0.026
-0.397,-0.027,-0.028
-0.397,-0.027,-0.027
-0.397,-0.025,-0.025
-0.396,-0.026,-0.026
-0.396,-0.028,-0.028
-0.397,-0.025,-0.026
-0.397,-0.026,-0.026
-0.397,-0.024,-0.025
-0.397,-0.027,-0.028
-0.397,-0.026,-0.027
-0.396,-0.027,-0.027
-0.397,-0.028,-0.029
-0.396,-0.025,-0.026
-0.397,-0.026,-0.027
-0.396,-0.026,-0.026
-0.397,-0.024,-0.025
-0.397,-0.024,-0.025
-0.396,-0.026,-0.027
-0.396,-0.024,-0.025
-0.397,-0.025,-0.026
-0.397,-0.025,-0.026
-0.397,-0.027,-0.027
-0.397,-0.028,-0.028
-0.397,-0.026,-0.026
-0.397,-0.026,-0.026
-0.397,-0.028,-0.029
-0.397,-0.026,-0.026
-0.396,-0.025,-0.026
-0.396,-0.025,-0.026
-0.397,-0.028,-0.029
-0.397,-0.023,-0.024
-0.396,-0.023,-0.023
-0.397,-0.025,-0.026
-0.397,-0.027,-0.028
-0.398,-0.024,-0.025
-0.396,-0.025,-0.026
-0.397,-0.025,-0.025
-0.397,-0.026,-0.027
-0.397,-0.026,-0.027
-0.397,-0.026,-0.026
-0.397,-0.025,-0.025
-0.397,-0.026,-0.026
-0.397,-0.025,-0.026
-0.397,-0.025,-0.025
-0.397,-0.025,-0.026
-0.396,-0.026,-0.026
-0.396,-0.026,-0.026
-0.397,-0.027,-0.027
-0.397,-0.027,-0.027
-0.396,-0.028,-0.029
-0.396,-0.026,-0.026
-0.397,-0.027,-0.027
-0.397,-0.029,-0.030
-0.397,-0.026,-0.026
-0.396,-0.025,-0.026
-0.397,-0.026,-0.026
-0.397,-0.025,-0.026
-0.396,-0.025,-0.025
-0.397,-0.026,-0.027
-0.396,-0.025,-0.025
-0.397,-0.025,-0.026
-0.396,-0.025,-0.026
-0.398,-0.025,-0.025
-0.397,-0.024,-0.025
-0.397,-0.027,-0.028
-0.397,-0.029,-0.029
-0.397,-0.027,-0.027
-0.397,-0.028,-0.028
-0.397,-0.026,-0.027
-0.397,-0.027,-0.028
-0.397,-0.026,-0.027
-0.397,-0.025,-0.026
-0.397,-0.028,-0.029
-0.397,-0.027,-0.027
-0.397,-0.025,-0.025
-0.397,-0.027,-0.028
-0.397,-0.027,-0.028
-0.397,-0.027,-0.028
-0.397,-0.027,-0.028
-0.396,-0.027,-0.028
-0.397,-0.024,-0.024
-0.397,-0.025,-0.026
-0.398,-0.026,-0.026
-0.397,-0.027,-0.028
-0.397,-0.026,-0.027
-0.397,-0.027,-0.028
-0.397,-0.026,-0.026
-0.396,-0.028,-0.028
-0.396,-0.027,-0.028
-0.397,-0.027,-0.027
-0.397,-0.027,-0.027
-0.397,-0.022,-0.022
-0.397,-0.025,-0.025
-0.398,-0.028,-0.029
-0.397,-0.025,-0.026
-0.397,-0.026,-0.027
-0.397,-0.027,-0.027
-0.396,-0.025,-0.026
-0.396,-0.026,-0.027
-0.397,-0.024,-0.025
-0.397,-0.027,-0.028
-0.397,-0.024,-0.025
-0.397,-0.024,-0.024
-0.396,-0.021,-0.021
-0.397,-0.027,-0.027
-0.397,-0.029,-0.030
-0.397,-0.026,-0.027
-0.396,-0.027,-0.027
-0.397,-0.024,-0.025
-0.397,-0.027,-0.027
-0.397,-0.024,-0.024
-0.396,-0.026,-0.027
-0.396,-0.027,-0.028
-0.397,-0.026,-0.026
-0.397,-0.025,-0.025
-0.398,-0.025,-0.026
-0.397,-0.026,-0.026
-0.397,-0.028,-0.028
-0.397,-0.030,-0.030
-0.397,-0.023,-0.024
-0.396,-0.028,-0.028
-0.397,-0.024,-0.025
-0.397,-0.028,-0.028
-0.397,-0.025,-0.026
-0.396,-0.026,-0.026
-0.397,-0.026,-0.026
-0.396,-0.029,-0.029
-0.397,-0.028,-0.029
-0.397,-0.024,-0.025
-0.397,-0.026,-0.027
-0.397,-0.025,-0.025
-0.397,-0.026,-0.027
-0.397,-0.026,-0.027
-0.397,-0.025,-0.025
-0.397,-0.025,-0.025
-0.396,-0.026,-0.027
-0.398,-0.028,-0.029
-0.396,-0.027,-0.028
-0.397,-0.027,-0.028
-0.397,-0.025,-0.026
-0.397,-0.027,-0.028
-0.397,-0.026,-0.026
-0.397,-0.025,-0.026
-0.397,-0.027,-0.028
-0.397,-0.024,-0.025
-0.397,-0.025,-0.025
-0.397,-0.026,-0.027
-0.397,-0.029,-0.030
-0.397,-0.025,-0.026
-0.397,-0.025,-0.026
-0.397,-0.027,-0.028
-0.397,-0.025,-0.026
-0.397,-0.025,-0.025
-0.397,-0.029,-0.030
-0.397,-0.025,-0.026
-0.396,-0.027,-0.027
-0.397,-0.025,-0.025
-0.397,-0.027,-0.027
-0.397,-0.028,-0.029
-0.397,-0.027,-0.028
-0.397,-0.027,-0.027
-0.397,-0.026,-0.027
-0.397,-0.024,-0.024
-0.396,-0.025,-0.026
-0.397,-0.024,-0.025
-0.397,-0.027,-0.027
-0.396,-0.025,-0.026
-0.396,-0.026,-0.026
-0.397,-0.024,-0.025
-0.397,-0.025,-0.026
-0.397,-0.025,-0.025
-0.398,-0.027,-0.028
-0.397,-0.029,-0.029
-0.397,-0.023,-0.024
-0.396,-0.025,-0.026
-0.397,-0.025,-0.025
-0.396,-0.027,-0.028
-0.397,-0.025,-0.025
-0.398,-0.026,-0.026
-0.396,-0.026,-0.027
-0.396,-0.023,-0.024
-0.397,-0.026,-0.027
-0.397,-0.024,-0.025
-0.397,-0.026,-0.026
-0.397,-0.029,-0.030
-0.397,-0.028,-0.029
-0.397,-0.026,-0.027
-0.396,-0.026,-0.027
-0.397,-0.024,-0.024
-0.397,-0.023,-0.024
-0.396,-0.026,-0.027
-0.397,-0.026,-0.027
-0.397,-0.027,-0.028
-0.396,-0.027,-0.027
-0.396,-0.028,-0.028
-0.397,-0.023,-0.023
-0.397,-0.026,-0.026
-0.397,-0.026,-0.027
-0.397,-0.026,-0.027
-0.397,-0.024,-0.025
-0.397,-0.023,-0.023
-0.396,-0.029,-0.029
-0.397,-0.022,-0.022
-0.397,-0.024,-0.025
-0.397,-0.029,-0.030
-0.397,-0.023,-0.024
-0.397,-0.025,-0.025
-0.397,-0.023,-0.024
-0.398,-0.027,-0.027
-0.396,-0.028,-0.029
-0.397,-0.026,-0.027
-0.397,-0.026,-0.027
-0.397,-0.026,-0.027
-0.397,-0.030,-0.030
-0.397,-0.025,-0.026
-0.397,-0.025,-0.026
-0.397,-0.026,-0.026
-0.396,-0.027,-0.027
-0.397,-0.027,-0.028
-0.397,-0.027,-0.027
-0.397,-0.024,-0.024
-0.397,-0.028,-0.029
-0.397,-0.025,-0.025
-0.397,-0.023,-0.024
-0.396,-0.023,-0.024
-0.396,-0.026,-0.027
-0.397,-0.028,-0.029
-0.397,-0.024,-0.024
-0.397,-0.027,-0.028
-0.397,-0.023,-0.024
-0.397,-0.026,-0.027
-0.397,-0.024,-0.025
-0.397,-0.025,-0.025
-0.397,-0.024,-0.025
-0.396,-0.028,-0.029
-0.397,-0.027,-0.028
-0.397,-0.025,-0.025
-0.397,-0.026,-0.026
-0.397,-0.027,-0.028
-0.396,-0.025,-0.025
-0.397,-0.029,-0.030
-0.396,-0.028,-0.028
-0.398,-0.026,-0.027
-0.397,-0.029,-0.029
-0.397,-0.028,-0.028
-0.397,-0.026,-0.026
-0.397,-0.029,-0.030
-0.398,-0.023,-0.024
-0.397,-0.024,-0.025
-0.397,-0.025,-0.025
-0.397,-0.025,-0.026
-0.397,-0.026,-0.027
-0.397,-0.025,-0.026
-0.398,-0.025,-0.026
-0.397,-0.024,-0.025
-0.397,-0.026,-0.027
-0.397,-0.025,-0.026
-0.398,-0.028,-0.029
-0.397,-0.025,-0.026
-0.396,-0.027,-0.027
-0.397,-0.026,-0.027
-0.397,-0.025,-0.026
-0.396,-0.027,-0.028
-0.397,-0.025,-0.025
-0.397,-0.027,-0.027
-0.397,-0.024,-0.025
-0.397,-0.025,-0.025
-0.397,-0.025,-0.026
-0.397,-0.026,-0.027
-0.397,-0.025,-0.026
-0.397,-0.025,-0.025
-0.397,-0.025,-0.026
-0.397,-0.029,-0.030
-0.397,-0.025,-0.025
-0.397,-0.028,-0.028
-0.397,-0.028,-0.029
-0.396,-0.024,-0.024
-0.397,-0.028,-0.029
-0.397,-0.026,-0.026
-0.397,-0.025,-0.026
-0.396,-0.021,-0.022
-0.397,-0.026,-0.026
-0.397,-0.025,-0.026
-0.398,-0.030,-0.030
-0.397,-0.025,-0.026
-0.397,-0.025,-0.025
-0.396,-0.025,-0.025
-0.397,-0.028,-0.028
-0.398,-0.025,-0.026
-0.398,-0.027,-0.028
-0.396,-0.025,-0.025
-0.397,-0.026,-0.026
-0.397,-0.025,-0.026
-0.397,-0.024,-0.025
-0.398,-0.027,-0.028
-0.397,-0.029,-0.030
-0.397,-0.029,-0.030
-0.397,-0.028,-0.028
-0.396,-0.028,-0.029
-0.397,-0.023,-0.024
-0.397,-0.024,-0.025
-0.397,-0.026,-0.026
-0.398,-0.026,-0.027
-0.397,-0.028,-0.028
-0.397,-0.026,-0.026
-0.397,-0.024,-0.024
-0.398,-0.027,-0.028
-0.397,-0.027,-0.027
-0.397,-0.026,-0.026
-0.397,-0.027,-0.028
-0.397,-0.024,-0.025
-0.398,-0.025,-0.025
-0.397,-0.026,-0.026
-0.397,-0.021,-0.022
-0.397,-0.026,-0.026
-0.397,-0.026,-0.026
-0.397,-0.026,-0.026
-0.396,-0.026,-0.027
-0.398,-0.026,-0.027
-0.397,-0.027,-0.028
-0.397,-0.027,-0.027
-0.397,-0.025,-0.026
-0.397,-0.025,-0.026
-0.397,-0.025,-0.025
-0.397,-0.025,-0.025
-0.397,-0.027,-0.028
-0.398,-0.026,-0.026
-0.397,-0.027,-0.027
-0.397,-0.025,-0.026
-0.397,-0.026,-0.026
-0.397,-0.027,-0.028
-0.397,-0.027,-0.027
-0.397,-0.025,-0.026
-0.397,-0.025,-0.026
-0.397,-0.026,-0.027
-0.397,-0.024,-0.024
-0.397,-0.026,-0.027
-0.397,-0.024,-0.024
-0.397,-0.024,-0.025
-0.396,-0.028,-0.028
-0.397,-0.024,-0.025
-0.397,-0.027,-0.028
-0.397,-0.025,-0.025
-0.397,-0.027,-0.028
-0.397,-0.024,-0.024
-0.396,-0.022,-0.022
-0.396,-0.025,-0.025
-0.397,-0.026,-0.026
-0.397,-0.029,-0.030
-0.396,-0.024,-0.025
-0.397,-0.025,-0.026
-0.397,-0.027,-0.027
-0.397,-0.024,-0.025
-0.397,-0.027,-0.028
-0.397,-0.027,-0.027
-0.397,-0.027,-0.027
-0.397,-0.024,-0.025
-0.397,-0.024,-0.024
-0.397,-0.026,-0.027
-0.396,-0.022,-0.023
-0.397,-0.026,-0.026
-0.397,-0.026,-0.026
-0.397,-0.025,-0.026
-0.398,-0.022,-0.023
-0.397,-0.024,-0.024
-0.397,-0.023,-0.023
-0.397,-0.026,-0.027
-0.397,-0.028,-0.029
-0.397,-0.025,-0.026
-0.397,-0.026,-0.027
-0.396,-0.026,-0.026
-0.397,-0.023,-0.024
-0.397,-0.028,-0.029
-0.397,-0.024,-0.025
-0.397,-0.024,-0.025
-0.396,-0.027,-0.027
-0.397,-0.025,-0.025
-0.396,-0.026,-0.027
-0.396,-0.028,-0.029
-0.397,-0.025,-0.025
-0.396,-0.024,-0.025
-0.397,-0.025,-0.026
-0.397,-0.024,-0.025
-0.396,-0.029,-0.029
-0.397,-0.026,-0.027
-0.397,-0.027,-0.027
-0.397,-0.025,-0.026
-0.396,-0.026,-0.027
-0.397,-0.025,-0.026
-0.397,-0.026,-0.026
-0.397,-0.029,-0.029
-0.396,-0.024,-0.024
-0.397,-0.028,-0.028
-0.397,-0.027,-0.028
-0.397,-0.026,-0.027
-0.396,-0.024,-0.024
-0.396,-0.026,-0.026
-0.397,-0.023,-0.023
-0.396,-0.026,-0.026
-0.398,-0.026,-0.027
-0.397,-0.025,-0.026
-0.397,-0.028,-0.029
-0.397,-0.026,-0.027
-0.397,-0.026,-0.026
-0.396,-0.026,-0.026
-0.397,-0.027,-0.028
-0.396,-0.026,-0.026
-0.397,-0.027,-0.027
-0.397,-0.027,-0.027
-0.397,-0.023,-0.023
-0.397,-0.027,-0.027
-0.397,-0.026,-0.026
-0.397,-0.026,-0.027
-0.396,-0.029,-0.030
-0.397,-0.026,-0.027
-0.397,-0.027,-0.027
-0.397,-0.025,-0.025
-0.397,-0.026,-0.027
-0.397,-0.027,-0.027
-0.397,-0.023,-0.024
-0.397,-0.026,-0.027
-0.397,-0.027,-0.028
-0.397,-0.026,-0.027
-0.397,-0.028,-0.029
-0.397,-0.024,-0.025
-0.396,-0.026,-0.027
-0.397,-0.023,-0.023
-0.397,-0.025,-0.026
-0.397,-0.026,-0.026
-0.397,-0.025,-0.025
-0.397,-0.024,-0.025
-0.397,-0.025,-0.025
-0.397,-0.028,-0.029
-0.397,-0.025,-0.025
-0.396,-0.026,-0.026
-0.397,-0.026,-0.027
-0.397,-0.028,-0.029
-0.397,-0.025,-0.025
-0.396,-0.030,-0.031
-0.398,-0.025,-0.025
-0.397,-0.025,-0.026
-0.398,-0.023,-0.023
-0.397,-0.026,-0.027
-0.397,-0.026,-0.027
-0.397,-0.026,-0.026
-0.397,-0.026,-0.026
-0.397,-0.027,-0.028
-0.397,-0.025,-0.026
-0.397,-0.028,-0.029
-0.397,-0.025,-0.026
-0.397,-0.025,-0.025
-0.397,-0.027,-0.027
-0.397,-0.026,-0.027
-0.397,-0.026,-0.027
-0.397,-0.028,-0.028
-0.397,-0.027,-0.028
-0.397,-0.026,-0.026
-0.397,-0.027,-0.028
-0.397,-0.027,-0.027
-0.397,-0.025,-0.026
-0.396,-0.026,-0.027
-0.397,-0.027,-0.027
-0.397,-0.028,-0.028
-0.397,-0.027,-0.028
-0.398,-0.026,-0.026
-0.396,-0.026,-0.026
-0.397,-0.024,-0.024
-0.397,-0.025,-0.026
-0.397,-0.026,-0.026
-0.397,-0.025,-0.026
-0.397,-0.026,-0.026
-0.397,-0.024,-0.025
-0.398,-0.024,-0.024
-0.397,-0.027,-0.028
-0.397,-0.026,-0.027
-0.396,-0.024,-0.024
-0.397,-0.024,-0.024
-0.397,-0.024,-0.025
-0.397,-0.026,-0.026
-0.396,-0.029,-0.029
-0.397,-0.023,-0.024
-0.397,-0.026,-0.027
-0.397,-0.027,-0.028
-0.397,-0.025,-0.026
-0.397,-0.023,-0.024
-0.397,-0.027,-0.028
-0.397,-0.024,-0.025
-0.397,-0.028,-0.028
-0.397,-0.025,-0.025
-0.397,-0.027,-0.027
-0.397,-0.028,-0.029
-0.398,-0.027,-0.028
-0.397,-0.025,-0.026
-0.397,-0.026,-0.027
-0.398,-0.028,-0.029
-0.397,-0.024,-0.024
-0.397,-0.024,-0.025
-0.397,-0.027,-0.027
-0.396,-0.023,-0.024
-0.397,-0.025,-0.026
-0.397,-0.027,-0.028
-0.397,-0.027,-0.027
-0.396,-0.026,-0.026
-0.397,-0.027,-0.028
-0.397,-0.024,-0.025
-0.396,-0.026,-0.026
-0.397,-0.026,-0.027
-0.397,-0.027,-0.027
-0.397,-0.030,-0.030
-0.397,-0.026,-0.026
-0.397,-0.028,-0.028
-0.397,-0.026,-0.026
-0.397,-0.025,-0.026
-0.397,-0.023,-0.023
-0.396,-0.027,-0.027
-0.397,-0.023,-0.024
-0.398,-0.027,-0.028
-0.397,-0.027,-0.028
-0.397,-0.028,-0.028
-0.398,-0.029,-0.029
-0.397,-0.026,-0.027
-0.397,-0.025,-0.026
-0.396,-0.026,-0.027
-0.397,-0.026,-0.027
-0.397,-0.028,-0.029
-0.397,-0.027,-0.027
-0.397,-0.026,-0.027
-0.397,-0.027,-0.028
-0.396,-0.026,-0.027
-0.397,-0.027,-0.027
-0.396,-0.026,-0.026
-0.397,-0.025,-0.026
-0.397,-0.025,-0.025
-0.397,-0.025,-0.025
-0.397,-0.025,-0.026
-0.396,-0.024,-0.025
-0.397,-0.026,-0.027
-0.397,-0.025,-0.025
-0.396,-0.025,-0.026
-0.397,-0.027,-0.028
-0.397,-0.024,-0.025
-0.397,-0.025,-0.026
-0.397,-0.026,-0.027
-0.397,-0.023,-0.024
-0.397,-0.024,-0.025
-0.396,-0.024,-0.025
-0.397,-0.028,-0.028
-0.396,-0.025,-0.025
-0.397,-0.025,-0.025
-0.396,-0.024,-0.025
-0.397,-0.025,-0.025
-0.395,-0.027,-0.028
-0.397,-0.026,-0.027
-0.397,-0.025,-0.025
-0.396,-0.027,-0.027
-0.397,-0.025,-0.026
-0.397,-0.025,-0.026
-0.397,-0.025,-0.026
-0.396,-0.026,-0.027
-0.397,-0.027,-0.027
-0.397,-0.026,-0.026
-0.396,-0.028,-0.029
-0.397,-0.027,-0.027
-0.397,-0.025,-0.026
-0.397,-0.027,-0.027
-0.397,-0.027,-0.027
-0.397,-0.028,-0.029
-0.397,-0.026,-0.026
-0.397,-0.026,-0.027
-0.397,-0.025,-0.026
-0.396,-0.026,-0.027
-0.398,-0.026,-0.027
-0.397,-0.026,-0.026
-0.397,-0.025,-0.025
-0.396,-0.026,-0.027
-0.396,-0.026,-0.027
-0.396,-0.026,-0.027
-0.396,-0.026,-0.026
-0.395,-0.027,-0.027
-0.397,-0.025,-0.026
-0.396,-0.027,-0.028
-0.396,-0.024,-0.024
-0.397,-0.025,-0.026
-0.396,-0.026,-0.026
-0.396,-0.025,-0.026
-0.397,-0.026,-0.027
-0.396,-0.025,-0.026
-0.397,-0.027,-0.027
-0.397,-0.024,-0.024
-0.397,-0.025,-0.025
-0.397,-0.023,-0.023
-0.396,-0.025,-0.026
-0.396,-0.025,-0.025
-0.396,-0.028,-0.028
-0.396,-0.026,-0.026
-0.397,-0.026,-0.027
-0.396,-0.026,-0.027
-0.397,-0.029,-0.029
-0.396,-0.026,-0.026
-0.397,-0.025,-0.025
-0.397,-0.026,-0.026
-0.396,-0.025,-0.025
-0.396,-0.024,-0.025
-0.396,-0.025,-0.026
-0.396,-0.027,-0.027
-0.396,-0.023,-0.024
-0.396,-0.027,-0.028
-0.396,-0.025,-0.025
-0.396,-0.028,-0.028
-0.396,-0.026,-0.027
-0.396,-0.024,-0.025
-0.397,-0.028,-0.029
-0.396,-0.027,-0.027
-0.396,-0.026,-0.027
-0.396,-0.027,-0.028
-0.397,-0.028,-0.029
-0.397,-0.028,-0.029
-0.397,-0.027,-0.027
-0.397,-0.026,-0.027
-0.397,-0.027,-0.027
-0.397,-0.027,-0.027
-0.397,-0.027,-0.027
-0.397,-0.029,-0.029
-0.397,-0.027,-0.027
-0.397,-0.026,-0.026
-0.397,-0.026,-0.027
-0.397,-0.025,-0.025
-0.397,-0.028,-0.028
-0.397,-0.024,-0.025
-0.397,-0.026,-0.026
-0.396,-0.023,-0.024
-0.397,-0.026,-0.026
-0.397,-0.024,-0.024
-0.396,-0.027,-0.027
-0.397,-0.025,-0.026
-0.396,-0.028,-0.028
-0.397,-0.026,-0.026
-0.397,-0.026,-0.026
-0.396,-0.026,-0.026
-0.397,-0.025,-0.026
-0.397,-0.026,-0.026
-0.397,-0.024,-0.025
-0.397,-0.025,-0.026
-0.396,-0.023,-0.024
-0.397,-0.026,-0.026
-0.396,-0.024,-0.024
-0.397,-0.029,-0.029
-0.397,-0.026,-0.027
-0.396,-0.024,-0.025
-0.397,-0.026,-0.026
-0.396,-0.027,-0.028
-0.397,-0.025,-0.026
-0.397,-0.025,-0.026
-0.396,-0.027,-0.028
-0.396,-0.026,-0.027
-0.396,-0.026,-0.026
-0.397,-0.023,-0.024
-0.397,-0.024,-0.024
-0.396,-0.024,-0.024
-0.397,-0.024,-0.024
-0.397,-0.026,-0.026
-0.397,-0.026,-0.026
-0.397,-0.028,-0.028
-0.397,-0.026,-0.027
-0.396,-0.026,-0.027
-0.397,-0.026,-0.027
-0.397,-0.024,-0.024
-0.396,-0.022,-0.023
-0.397,-0.024,-0.024
-0.397,-0.026,-0.027
-0.397,-0.027,-0.027
-0.397,-0.026,-0.026
-0.397,-0.025,-0.026
-0.396,-0.027,-0.028
-0.397,-0.028,-0.028
-0.397,-0.027,-0.027
-0.397,-0.027,-0.028
-0.397,-0.027,-0.028
-0.397,-0.025,-0.025
-0.397,-0.025,-0.026
-0.396,-0.026,-0.026
-0.396,-0.025,-0.026
-0.397,-0.024,-0.025
-0.396,-0.023,-0.024
-0.397,-0.025,-0.025
-0.397,-0.027,-0.027
-0.397,-0.026,-0.026
-0.397,-0.024,-0.024
-0.397,-0.027,-0.028
-0.397,-0.026,-0.027
-0.397,-0.025,-0.025
-0.397,-0.026,-0.026
-0.396,-0.027,-0.028
-0.397,-0.026,-0.027
-0.397,-0.026,-0.026
-0.397,-0.024,-0.025
-0.396,-0.026,-0.026
-0.396,-0.024,-0.025
-0.398,-0.027,-0.027
-0.397,-0.024,-0.025
-0.396,-0.026,-0.026
-0.397,-0.023,-0.024
-0.396,-0.023,-0.023
-0.396,-0.025,-0.026
-0.397,-0.025,-0.025
-0.397,-0.027,-0.028
-0.397,-0.024,-0.025
-0.397,-0.027,-0.027
-0.397,-0.025,-0.025
-0.397,-0.027,-0.027
-0.397,-0.027,-0.028
-0.396,-0.024,-0.025
-0.397,-0.027,-0.028
-0.396,-0.029,-0.029
-0.397,-0.026,-0.026
-0.397,-0.024,-0.024
-0.397,-0.026,-0.026
-0.397,-0.025,-0.026
-0.397,-0.024,-0.025
-0.397,-0.025,-0.026
-0.397,-0.028,-0.029
-0.397,-0.028,-0.029
-0.397,-0.027,-0.028
-0.396,-0.024,-0.024
-0.397,-0.026,-0.027
-0.397,-0.028,-0.029
-0.397,-0.027,-0.027
-0.397,-0.025,-0.026
-0.397,-0.026,-0.026
-0.396,-0.027,-0.027
-0.397,-0.025,-0.025
-0.397,-0.024,-0.025
-0.397,-0.026,-0.027
-0.396,-0.024,-0.025
-0.396,-0.027,-0.027
-0.396,-0.025,-0.026
-0.397,-0.026,-0.026
-0.397,-0.024,-0.024
-0.397,-0.026,-0.027
-0.397,-0.023,-0.024
-0.397,-0.027,-0.027
-0.397,-0.023,-0.024
-0.396,-0.024,-0.025
-0.397,-0.026,-0.026
-0.396,-0.026,-0.027
-0.397,-0.027,-0.027
-0.397,-0.025,-0.026
-0.397,-0.030,-0.031
-0.396,-0.025,-0.026
-0.397,-0.026,-0.026
-0.396,-0.026,-0.027
-0.397,-0.023,-0.024
-0.397,-0.025,-0.026
-0.397,-0.025,-0.025
-0.396,-0.027,-0.028
-0.396,-0.026,-0.026
-0.397,-0.027,-0.027
-0.397,-0.027,-0.028
-0.397,-0.025,-0.026
-0.397,-0.024,-0.024
-0.397,-0.023,-0.024
-0.396,-0.028,-0.028
-0.396,-0.026,-0.026
-0.396,-0.022,-0.023
-0.397,-0.025,-0.025
-0.397,-0.027,-0.027
-0.397,-0.030,-0.030
-0.397,-0.026,-0.027
-0.397,-0.023,-0.024
-0.397,-0.026,-0.027
-0.397,-0.025,-0.026
-0.397,-0.024,-0.025
-0.397,-0.027,-0.028
-0.396,-0.027,-0.027
-0.397,-0.027,-0.028
-0.397,-0.025,-0.026
-0.398,-0.027,-0.027
-0.397,-0.026,-0.027
-0.397,-0.026,-0.026
-0.396,-0.026,-0.027
-0.397,-0.026,-0.027
-0.397,-0.026,-0.027
-0.397,-0.027,-0.028
-0.397,-0.026,-0.027
-0.397,-0.025,-0.026
-0.396,-0.024,-0.025
-0.397,-0.025,-0.026
-0.396,-0.025,-0.025
-0.397,-0.026,-0.027
-0.397,-0.027,-0.028
-0.396,-0.026,-0.026
-0.397,-0.029,-0.029
-0.397,-0.024,-0.025
-0.397,-0.026,-0.027
-0.397,-0.027,-0.028
-0.397,-0.028,-0.028
-0.397,-0.025,-0.026
-0.397,-0.025,-0.026
-0.396,-0.027,-0.027
-0.396,-0.024,-0.025
-0.396,-0.025,-0.025
-0.397,-0.026,-0.027
-0.396,-0.027,-0.028
-0.396,-0.027,-0.027
-0.397,-0.026,-0.027
-0.397,-0.027,-0.028
-0.396,-0.027,-0.027
-0.397,-0.026,-0.027
-0.397,-0.024,-0.024
-0.397,-0.024,-0.024
-0.398,-0.027,-0.028
-0.397,-0.024,-0.024
-0.396,-0.025,-0.026
-0.397,-0.026,-0.026
-0.397,-0.026,-0.026
-0.396,-0.023,-0.024
-0.397,-0.025,-0.025
-0.396,-0.026,-0.026
-0.396,-0.025,-0.025
-0.397,-0.025,-0.025
-0.396,-0.026,-0.027
-0.396,-0.025,-0.026
-0.396,-0.025,-0.026
-0.397,-0.025,-0.025
-0.397,-0.023,-0.023
-0.396,-0.026,-0.027
-0.397,-0.027,-0.027
-0.397,-0.027,-0.028
-0.396,-0.025,-0.026
-0.397,-0.027,-0.028
-0.396,-0.027,-0.028
-0.397,-0.024,-0.025
-0.396,-0.025,-0.026
-0.396,-0.026,-0.027
-0.397,-0.027,-0.027
-0.397,-0.028,-0.029
-0.396,-0.026,-0.026
-0.397,-0.028,-0.028
-0.397,-0.027,-0.027
-0.396,-0.027,-0.027
-0.396,-0.028,-0.028
-0.397,-0.026,-0.026
-0.397,-0.025,-0.026
-0.397,-0.027,-0.028
-0.397,-0.023,-0.024
-0.396,-0.028,-0.028
-0.397,-0.026,-0.026
-0.398,-0.026,-0.026
-0.397,-0.024,-0.024
-0.397,-0.025,-0.026
-0.397,-0.027,-0.028
-0.397,-0.029,-0.030
-0.396,-0.028,-0.029
-0.396,-0.024,-0.025
-0.396,-0.023,-0.023
-0.397,-0.025,-0.026
-0.396,-0.026,-0.026
-0.397,-0.026,-0.027
-0.397,-0.024,-0.025
-0.396,-0.025,-0.026
-0.396,-0.028,-0.028
-0.396,-0.025,-0.025
-0.396,-0.026,-0.026
-0.396,-0.027,-0.027
-0.397,-0.027,-0.028
-0.396,-0.025,-0.026
-0.396,-0.024,-0.024
-0.397,-0.025,-0.025
-0.396,-0.025,-0.026
-0.397,-0.026,-0.026
-0.397,-0.025,-0.025
-0.397,-0.027,-0.027
-0.397,-0.025,-0.026
-0.397,-0.027,-0.028
-0.397,-0.023,-0.024
-0.396,-0.025,-0.026
-0.396,-0.025,-0.026
-0.397,-0.026,-0.026
-0.397,-0.025,-0.025
-0.397,-0.026,-0.026
-0.397,-0.026,-0.026
-0.397,-0.023,-0.023
-0.397,-0.024,-0.025
-0.397,-0.025,-0.026
-0.397,-0.027,-0.027
-0.397,-0.025,-0.026
-0.397,-0.024,-0.025
-0.397,-0.025,-0.025
-0.397,-0.024,-0.025
-0.397,-0.028,-0.029
-0.397,-0.026,-0.026
-0.397,-0.026,-0.027
-0.396,-0.025,-0.026
-0.397,-0.028,-0.028
-0.396,-0.026,-0.027
-0.397,-0.027,-0.028
-0.396,-0.026,-0.026
-0.396,-0.026,-0.026
-0.397,-0.024,-0.025
-0.397,-0.028,-0.029
-0.397,-0.026,-0.027
-0.397,-0.025,-0.026
-0.397,-0.025,-0.026
-0.397,-0.026,-0.026
-0.396,-0.028,-0.028
-0.396,-0.026,-0.027
-0.396,-0.025,-0.026
-0.397,-0.024,-0.024
-0.396,-0.025,-0.026
-0.397,-0.025,-0.025
-0.396,-0.026,-0.027
-0.397,-0.027,-0.028
-0.397,-0.025,-0.025
-0.397,-0.026,-0.027
-0.397,-0.026,-0.026
-0.396,-0.025,-0.025
-0.397,-0.028,-0.029
-0.397,-0.030,-0.031
-0.397,-0.026,-0.026
-0.396,-0.026,-0.027
-0.397,-0.025,-0.025
-0.397,-0.028,-0.028
-0.397,-0.026,-0.026
-0.397,-0.025,-0.025
-0.396,-0.029,-0.030
-0.397,-0.027,-0.027
-0.397,-0.024,-0.025
-0.397,-0.026,-0.026
-0.396,-0.023,-0.024
-0.397,-0.026,-0.026
-0.396,-0.028,-0.028
-0.397,-0.027,-0.028
-0.396,-0.026,-0.027
-0.396,-0.025,-0.026
-0.397,-0.027,-0.027
-0.396,-0.024,-0.025
-0.398,-0.026,-0.026
-0.397,-0.025,-0.026
-0.397,-0.025,-0.026
-0.397,-0.024,-0.025
-0.397,-0.026,-0.026
-0.397,-0.027,-0.028
-0.397,-0.029,-0.029
-0.397,-0.027,-0.027
-0.397,-0.028,-0.028
-0.397,-0.026,-0.026
-0.397,-0.025,-0.026
-0.397,-0.026,-0.026
-0.397,-0.026,-0.027
-0.396,-0.026,-0.027
-0.397,-0.027,-0.028
-0.396,-0.025,-0.025
-0.396,-0.027,-0.027
-0.397,-0.026,-0.027
-0.396,-0.027,-0.027
-0.397,-0.024,-0.025
-0.397,-0.027,-0.027
-0.396,-0.025,-0.026
-0.397,-0.024,-0.025
-0.397,-0.026,-0.027
-0.397,-0.027,-0.028
-0.397,-0.026,-0.027
-0.397,-0.025,-0.025
-0.398,-0.030,-0.031
-0.396,-0.025,-0.026
-0.397,-0.025,-0.026
-0.397,-0.026,-0.026
-0.397,-0.025,-0.026
-0.398,-0.029,-0.030
-0.397,-0.026,-0.026
-0.397,-0.026,-0.027
-0.397,-0.024,-0.024
-0.397,-0.028,-0.028
-0.396,-0.027,-0.027
-0.397,-0.024,-0.025
-0.397,-0.024,-0.025
-0.397,-0.023,-0.024
-0.397,-0.025,-0.026
-0.397,-0.026,-0.026
-0.397,-0.027,-0.028
-0.397,-0.023,-0.024
-0.397,-0.025,-0.026
-0.397,-0.024,-0.024
-0.397,-0.022,-0.023
-0.397,-0.026,-0.026
-0.397,-0.023,-0.024
-0.397,-0.027,-0.027
-0.397,-0.026,-0.027
-0.396,-0.026,-0.026
-0.397,-0.027,-0.028
-0.397,-0.026,-0.027
-0.396,-0.024,-0.025
-0.397,-0.027,-0.027
-0.397,-0.026,-0.027
-0.397,-0.025,-0.026
-0.397,-0.027,-0.027
-0.397,-0.025,-0.026
-0.397,-0.029,-0.030
-0.397,-0.026,-0.027
-0.396,-0.028,-0.028
-0.397,-0.025,-0.026
-0.397,-0.026,-0.026
-0.397,-0.027,-0.027
-0.397,-0.025,-0.026
-0.397,-0.025,-0.025
-0.396,-0.025,-0.026
-0.397,-0.030,-0.031
-0.397,-0.026,-0.026
-0.396,-0.024,-0.025
-0.397,-0.026,-0.026
-0.397,-0.026,-0.026
-0.397,-0.025,-0.026
-0.397,-0.025,-0.026
-0.397,-0.025,-0.026
-0.397,-0.025,-0.026
-0.397,-0.028,-0.028
-0.396,-0.025,-0.025
-0.397,-0.027,-0.027
-0.396,-0.025,-0.025
-0.396,-0.026,-0.027
-0.397,-0.028,-0.028
-0.397,-0.024,-0.025
-0.396,-0.025,-0.026
-0.396,-0.027,-0.027
-0.397,-0.027,-0.028
-0.397,-0.026,-0.027
-0.396,-0.026,-0.026
-0.396,-0.026,-0.027
-0.396,-0.027,-0.027
-0.397,-0.025,-0.025
-0.397,-0.027,-0.028
-0.396,-0.026,-0.027
-0.396,-0.027,-0.028
-0.397,-0.025,-0.025
-0.397,-0.025,-0.026
-0.396,-0.023,-0.024
-0.397,-0.026,-0.027
-0.396,-0.023,-0.024
-0.397,-0.024,-0.025
-0.396,-0.026,-0.027
-0.397,-0.025,-0.026
-0.397,-0.026,-0.027
-0.396,-0.026,-0.027
-0.397,-0.027,-0.027
-0.396,-0.025,-0.026
-0.396,-0.025,-0.026
-0.396,-0.026,-0.027
-0.397,-0.026,-0.027
-0.397,-0.025,-0.025
-0.397,-0.026,-0.026
-0.397,-0.027,-0.027
-0.397,-0.029,-0.029
-0.397,-0.025,-0.025
-0.397,-0.023,-0.024
-0.397,-0.024,-0.025
-0.397,-0.022,-0.023
-0.397,-0.028,-0.028
-0.396,-0.024,-0.025
-0.397,-0.028,-0.029
-0.397,-0.026,-0.027
-0.397,-0.027,-0.027
-0.397,-0.025,-0.026
-0.398,-0.029,-0.029
-0.397,-0.025,-0.025
-0.397,-0.026,-0.027
-0.397,-0.025,-0.026
-0.397,-0.026,-0.027
-0.396,-0.025,-0.026
-0.396,-0.024,-0.025
-0.397,-0.022,-0.023
-0.397,-0.024,-0.025
-0.396,-0.025,-0.025
-0.397,-0.029,-0.029
-0.397,-0.025,-0.026
-0.397,-0.024,-0.025
-0.397,-0.027,-0.028
-0.397,-0.026,-0.026
-0.396,-0.024,-0.025
-0.397,-0.027,-0.028
-0.397,-0.025,-0.026
-0.396,-0.025,-0.026
-0.397,-0.029,-0.029
-0.396,-0.029,-0.029
-0.396,-0.025,-0.026
-0.396,-0.027,-0.028
-0.397,-0.026,-0.027
-0.397,-0.024,-0.025
-0.397,-0.023,-0.024
-0.397,-0.025,-0.026
-0.397,-0.025,-0.026
-0.397,-0.029,-0.030
-0.396,-0.026,-0.027
-0.395,-0.025,-0.025
-0.397,-0.026,-0.027
-0.396,-0.026,-0.027
-0.396,-0.027,-0.028
-0.397,-0.027,-0.027
-0.397,-0.027,-0.027
-0.396,-0.028,-0.029
-0.397,-0.027,-0.027
-0.396,-0.023,-0.023
-0.396,-0.026,-0.027
-0.396,-0.026,-0.026
-0.397,-0.025,-0.026
-0.397,-0.023,-0.023
-0.397,-0.028,-0.028
-0.398,-0.027,-0.028
-0.397,-0.026,-0.027
-0.396,-0.026,-0.027
-0.397,-0.025,-0.026
-0.396,-0.026,-0.027
-0.397,-0.026,-0.027
-0.397,-0.026,-0.027
-0.397,-0.027,-0.028
-0.397,-0.029,-0.029
-0.397,-0.026,-0.026
-0.396,-0.025,-0.026
-0.396,-0.026,-0.026
-0.396,-0.025,-0.026
-0.397,-0.027,-0.028
-0.397,-0.026,-0.027
-0.397,-0.027,-0.028
-0.396,-0.025,-0.025
-0.397,-0.023,-0.024
-0.397,-0.025,-0.026
-0.396,-0.026,-0.026
-0.396,-0.027,-0.028
-0.396,-0.026,-0.026
-0.397,-0.028,-0.028
-0.397,-0.025,-0.025
-0.397,-0.025,-0.026
-0.397,-0.028,-0.029
-0.397,-0.025,-0.025
-0.396,-0.024,-0.024
-0.397,-0.027,-0.028
-0.396,-0.025,-0.025
-0.396,-0.027,-0.027
-0.396,-0.030,-0.030
-0.397,-0.025,-0.025
-0.396,-0.025,-0.025
-0.397,-0.028,-0.028
-0.396,-0.026,-0.026
-0.397,-0.028,-0.028
-0.397,-0.027,-0.027
-0.396,-0.025,-0.026
-0.397,-0.026,-0.026
-0.396,-0.028,-0.029
-0.397,-0.028,-0.028
-0.396,-0.026,-0.026
-0.397,-0.025,-0.025
-0.396,-0.025,-0.026
-0.397,-0.025,-0.026
-0.397,-0.026,-0.027
-0.396,-0.027,-0.028
-0.396,-0.026,-0.027
-0.396,-0.025,-0.026
-0.397,-0.025,-0.025
-0.397,-0.023,-0.024
-0.396,-0.027,-0.028
-0.397,-0.024,-0.024
-0.396,-0.022,-0.023
-0.396,-0.027,-0.028
-0.396,-0.028,-0.029
-0.397,-0.027,-0.028
-0.397,-0.028,-0.028
-0.397,-0.024,-0.024
-0.397,-0.027,-0.027
-0.397,-0.026,-0.026
-0.397,-0.024,-0.025
-0.397,-0.025,-0.025
-0.396,-0.026,-0.026
-0.397,-0.024,-0.025
-0.396,-0.025,-0.026
-0.397,-0.028,-0.028
-0.396,-0.025,-0.026
-0.396,-0.023,-0.023
-0.397,-0.025,-0.026
-0.397,-0.025,-0.026
-0.397,-0.026,-0.027
-0.397,-0.023,-0.024
-0.397,-0.026,-0.027
-0.396,-0.027,-0.027
-0.397,-0.027,-0.027
-0.396,-0.023,-0.023
-0.397,-0.027,-0.028
-0.397,-0.028,-0.029
-0.396,-0.025,-0.026
-0.397,-0.027,-0.028
-0.396,-0.029,-0.030
-0.397,-0.025,-0.026
-0.396,-0.027,-0.027
-0.397,-0.027,-0.028
-0.397,-0.028,-0.028
-0.396,-0.028,-0.028
-0.397,-0.030,-0.030
-0.397,-0.027,-0.028
-0.397,-0.024,-0.025
-0.397,-0.026,-0.027
-0.397,-0.026,-0.026
-0.396,-0.028,-0.028
-0.395,-0.023,-0.023
-0.396,-0.028,-0.029
-0.396,-0.024,-0.025
-0.396,-0.025,-0.025
-0.397,-0.029,-0.029
-0.396,-0.024,-0.024
-0.396,-0.024,-0.025
-0.397,-0.026,-0.026
-0.397,-0.027,-0.027
-0.397,-0.026,-0.027
-0.396,-0.026,-0.027
-0.397,-0.025,-0.025
-0.396,-0.025,-0.025
-0.397,-0.025,-0.025
-0.396,-0.026,-0.026
-0.396,-0.028,-0.028
-0.396,-0.026,-0.026
-0.397,-0.026,-0.026
-0.397,-0.026,-0.026
-0.396,-0.026,-0.027
-0.397,-0.023,-0.023
-0.397,-0.025,-0.026
-0.396,-0.025,-0.026
-0.396,-0.024,-0.024
-0.396,-0.025,-0.025
-0.397,-0.024,-0.024
-0.396,-0.027,-0.028
-0.397,-0.027,-0.027
-0.396,-0.027,-0.028
-0.397,-0.023,-0.024
-0.397,-0.026,-0.026
-0.397,-0.029,-0.029
-0.397,-0.024,-0.025
-0.396,-0.028,-0.029
-0.396,-0.026,-0.027
-0.397,-0.026,-0.026
-0.397,-0.024,-0.024
-0.397,-0.029,-0.029
-0.397,-0.026,-0.027
-0.397,-0.026,-0.026
-0.398,-0.024,-0.025
-0.396,-0.028,-0.028
-0.397,-0.025,-0.025
-0.397,-0.028,-0.028
-0.396,-0.026,-0.026
-0.397,-0.025,-0.026
-0.397,-0.024,-0.024
-0.397,-0.027,-0.027
-0.397,-0.023,-0.024
-0.397,-0.027,-0.028
-0.397,-0.026,-0.026
-0.397,-0.024,-0.024
-0.396,-0.025,-0.026
-0.397,-0.025,-0.026
-0.396,-0.025,-0.026
-0.396,-0.024,-0.025
-0.397,-0.027,-0.027
-0.397,-0.026,-0.026
-0.397,-0.027,-0.028
-0.397,-0.025,-0.026
-0.396,-0.024,-0.024
-0.397,-0.025,-0.026
-0.397,-0.028,-0.028
-0.396,-0.023,-0.023
-0.396,-0.025,-0.025
-0.396,-0.025,-0.026
-0.397,-0.024,-0.025
-0.396,-0.027,-0.028
-0.396,-0.028,-0.028
-0.396,-0.027,-0.027
-0.397,-0.025,-0.025
-0.396,-0.023,-0.024
-0.396,-0.026,-0.027
-0.396,-0.024,-0.024
-0.396,-0.029,-0.030
-0.396,-0.025,-0.025
-0.397,-0.027,-0.028
-0.396,-0.027,-0.028
-0.397,-0.026,-0.027
-0.397,-0.029,-0.029
-0.397,-0.024,-0.025
-0.396,-0.029,-0.030
-0.396,-0.026,-0.027
-0.396,-0.026,-0.027
-0.397,-0.023,-0.024
-0.395,-0.027,-0.027
-0.397,-0.026,-0.027
-0.397,-0.024,-0.024
-0.397,-0.025,-0.025
-0.397,-0.024,-0.024
-0.397,-0.026,-0.026
-0.396,-0.026,-0.027
-0.397,-0.026,-0.027
-0.396,-0.027,-0.027
-0.396,-0.023,-0.024
-0.396,-0.028,-0.028
-0.396,-0.024,-0.025
-0.397,-0.026,-0.026
-0.396,-0.024,-0.025
-0.396,-0.025,-0.026
-0.396,-0.028,-0.029
-0.396,-0.026,-0.026
-0.397,-0.024,-0.024
-0.398,-0.025,-0.025
-0.397,-0.027,-0.027
-0.397,-0.025,-0.025
-0.397,-0.028,-0.029
-0.397,-0.027,-0.027
-0.397,-0.025,-0.026
-0.397,-0.026,-0.027
-0.397,-0.028,-0.028
-0.397,-0.025,-0.026
-0.397,-0.026,-0.027
-0.396,-0.025,-0.025
-0.397,-0.023,-0.024
-0.397,-0.025,-0.026
-0.396,-0.026,-0.026
-0.397,-0.025,-0.026
-0.397,-0.029,-0.030
-0.397,-0.024,-0.025
-0.397,-0.026,-0.027
-0.396,-0.027,-0.028
-0.397,-0.025,-0.025
-0.397,-0.026,-0.026
-0.396,-0.026,-0.026
-0.396,-0.025,-0.026
-0.396,-0.026,-0.027
-0.396,-0.024,-0.024
-0.397,-0.027,-0.028
-0.396,-0.025,-0.026
-0.397,-0.028,-0.029
-0.397,-0.023,-0.024
-0.396,-0.028,-0.028
-0.397,-0.022,-0.023
-0.397,-0.027,-0.028
-0.396,-0.024,-0.025
-0.397,-0.025,-0.026
-0.397,-0.025,-0.026
-0.397,-0.027,-0.027
-0.397,-0.027,-0.027
-0.396,-0.026,-0.027
-0.396,-0.024,-0.025
-0.397,-0.026,-0.027
-0.396,-0.025,-0.025
-0.397,-0.023,-0.024
-0.397,-0.028,-0.028
-0.397,-0.023,-0.024
-0.396,-0.025,-0.026
-0.397,-0.027,-0.027
-0.397,-0.026,-0.027
-0.397,-0.026,-0.027
-0.396,-0.026,-0.027
-0.396,-0.026,-0.027
-0.397,-0.029,-0.030
-0.397,-0.024,-0.024
-0.397,-0.025,-0.026
-0.397,-0.024,-0.025
-0.397,-0.026,-0.026
-0.396,-0.026,-0.026
-0.395,-0.026,-0.027
-0.397,-0.024,-0.024
-0.397,-0.024,-0.024
-0.397,-0.023,-0.023
-0.397,-0.025,-0.026
-0.397,-0.025,-0.026
-0.397,-0.026,-0.027
-0.398,-0.024,-0.025
-0.397,-0.027,-0.028
-0.397,-0.027,-0.027
-0.397,-0.027,-0.028
-0.396,-0.027,-0.028
-0.396,-0.026,-0.027
-0.397,-0.024,-0.025
-0.397,-0.026,-0.027
-0.396,-0.025,-0.025
-0.397,-0.025,-0.025
-0.397,-0.026,-0.027
-0.397,-0.026,-0.026
-0.397,-0.024,-0.025
-0.396,-0.026,-0.027
-0.397,-0.028,-0.028
-0.396,-0.027,-0.027
-0.397,-0.026,-0.027
-0.397,-0.027,-0.027
-0.397,-0.026,-0.026
-0.397,-0.026,-0.026
-0.396,-0.027,-0.028
-0.397,-0.026,-0.027
-0.396,-0.024,-0.025
-0.397,-0.026,-0.027
-0.396,-0.026,-0.027
-0.397,-0.026,-0.027
-0.396,-0.026,-0.027
-0.397,-0.025,-0.025
-0.397,-0.027,-0.027
-0.397,-0.025,-0.025
-0.396,-0.026,-0.026
-0.396,-0.026,-0.027
-0.396,-0.025,-0.026
-0.397,-0.026,-0.026
-0.396,-0.024,-0.025
-0.397,-0.026,-0.026
-0.397,-0.023,-0.023
-0.397,-0.024,-0.025
-0.396,-0.027,-0.028
-0.397,-0.026,-0.026
-0.397,-0.028,-0.029
-0.396,-0.024,-0.025
-0.396,-0.023,-0.024
-0.397,-0.027,-0.028
-0.397,-0.024,-0.024
-0.397,-0.027,-0.027
-0.397,-0.024,-0.025
-0.397,-0.024,-0.025
-0.396,-0.027,-0.027
-0.397,-0.028,-0.029
-0.397,-0.024,-0.024
-0.397,-0.025,-0.026
-0.396,-0.026,-0.027
-0.396,-0.026,-0.026
-0.397,-0.027,-0.028
-0.397,-0.026,-0.026
-0.397,-0.025,-0.025
-0.397,-0.027,-0.027
-0.397,-0.026,-0.027
-0.397,-0.024,-0.025
-0.397,-0.029,-0.030
-0.396,-0.026,-0.026
-0.397,-0.026,-0.026
-0.396,-0.025,-0.025
-0.397,-0.027,-0.027
-0.396,-0.024,-0.024
-0.397,-0.026,-0.026
-0.397,-0.025,-0.026
-0.397,-0.026,-0.027
-0.396,-0.025,-0.026
-0.397,-0.025,-0.025
-0.397,-0.026,-0.026
-0.397,-0.024,-0.024
-0.397,-0.026,-0.027
-0.396,-0.024,-0.025
-0.397,-0.024,-0.025
-0.397,-0.028,-0.029
-0.397,-0.024,-0.025
-0.397,-0.028,-0.028
-0.396,-0.023,-0.023
-0.397,-0.025,-0.026
-0.397,-0.024,-0.025
-0.397,-0.023,-0.024
-0.397,-0.024,-0.025
-0.397,-0.025,-0.026
-0.397,-0.029,-0.029
-0.396,-0.025,-0.026
-0.397,-0.028,-0.028
-0.396,-0.026,-0.027
-0.397,-0.026,-0.026
-0.397,-0.024,-0.024
-0.397,-0.026,-0.026
-0.396,-0.029,-0.029
-0.397,-0.028,-0.029
-0.397,-0.025,-0.025
-0.396,-0.025,-0.026
-0.397,-0.025,-0.025
-0.396,-0.027,-0.028
-0.396,-0.027,-0.028
-0.397,-0.024,-0.024
-0.397,-0.027,-0.028
-0.397,-0.027,-0.028
-0.397,-0.028,-0.028
-0.397,-0.027,-0.028
-0.398,-0.025,-0.026
-0.396,-0.026,-0.026
-0.396,-0.026,-0.027
-0.397,-0.026,-0.027
-0.396,-0.026,-0.026
-0.397,-0.025,-0.025
-0.396,-0.027,-0.028
-0.397,-0.027,-0.028
-0.397,-0.027,-0.027
-0.397,-0.025,-0.025
-0.397,-0.025,-0.026
